  EFITD    01/23/2002    #135445 00805ms           3  65  65
 2.140000105e+00 4.400000095e+00 8.500000238e-01 9.999999776e-03 0.000000000e+00
 1.071290731e+00-1.461141510e-04 4.871284217e-02 2.553930273e-03-3.775990009e-01
 7.025521250e+05 4.871284217e-02 0.000000000e+00 1.071290731e+00 0.000000000e+00
-1.461141510e-04 0.000000000e+00 2.553930273e-03 0.000000000e+00 0.000000000e+00
-2.972131073e-01-2.954573631e-01-2.939644456e-01-2.927232683e-01-2.917221487e-01
-2.909490466e-01-2.903915048e-01-2.900369167e-01-2.898724675e-01-2.898852527e-01
-2.900624573e-01-2.903912663e-01-2.908591032e-01-2.914535403e-01-2.921624780e-01
-2.929740846e-01-2.938769758e-01-2.948600650e-01-2.959127724e-01-2.970248461e-01
-2.981866002e-01-2.993887663e-01-3.006225526e-01-3.018796146e-01-3.031520844e-01
-3.044325709e-01-3.057141602e-01-3.069903553e-01-3.082550764e-01-3.095027208e-01
-3.107280433e-01-3.119263053e-01-3.130930364e-01-3.142242134e-01-3.153162301e-01
-3.163657188e-01-3.173697591e-01-3.183257282e-01-3.192313910e-01-3.200847208e-01
-3.208841085e-01-3.216282129e-01-3.223160207e-01-3.229467273e-01-3.235199153e-01
-3.240354359e-01-3.244933784e-01-3.248941898e-01-3.252385259e-01-3.255273700e-01
-3.257619441e-01-3.259437978e-01-3.260747492e-01-3.261569142e-01-3.261926174e-01
-3.261846006e-01-3.261358142e-01-3.260495067e-01-3.259293139e-01-3.257790506e-01
-3.256029487e-01-3.254055381e-01-3.251915872e-01-3.249663115e-01-3.247351348e-01
 2.576852344e+04 2.575283984e+04 2.570042188e+04 2.561245117e+04 2.549011328e+04
 2.533458984e+04 2.514706641e+04 2.492872461e+04 2.468075000e+04 2.440432227e+04
 2.410062891e+04 2.377085352e+04 2.341617578e+04 2.303778125e+04 2.263685547e+04
 2.221457812e+04 2.177213672e+04 2.131071094e+04 2.083148633e+04 2.033564648e+04
 1.982437500e+04 1.929885547e+04 1.876026953e+04 1.820980273e+04 1.764863672e+04
 1.707795703e+04 1.649894727e+04 1.591278809e+04 1.532066602e+04 1.472376270e+04
 1.412326270e+04 1.352034863e+04 1.291620508e+04 1.231201465e+04 1.170896191e+04
 1.110822852e+04 1.051100000e+04 9.918458008e+03 9.331788086e+03 8.752171875e+03
 8.180793457e+03 7.618836426e+03 7.067484863e+03 6.527921387e+03 6.001330078e+03
 5.488894043e+03 4.991797363e+03 4.511222656e+03 4.048354248e+03 3.604375244e+03
 3.180469238e+03 2.777819580e+03 2.397609863e+03 2.041023682e+03 1.709244507e+03
 1.403455811e+03 1.124841064e+03 8.745838013e+02 6.538674927e+02 4.638756714e+02
 3.057918396e+02 1.807994995e+02 9.008215332e+01 3.482329178e+01 1.620642281e+01
 7.786335349e-01 6.641569734e-01 5.559048057e-01 4.537354708e-01 3.575074673e-01
 2.670792639e-01 1.823094040e-01 1.030563563e-01 2.917861380e-02-3.946532309e-02
-1.030169576e-01-1.616177857e-01-2.154093236e-01-2.645330727e-01-3.091305494e-01
-3.493432105e-01-3.853126168e-01-4.171802700e-01-4.450876117e-01-4.691762328e-01
-4.895875752e-01-5.064631701e-01-5.199444890e-01-5.301730633e-01-5.372903943e-01
-5.414379835e-01-5.427573919e-01-5.413900018e-01-5.374774337e-01-5.311611295e-01
-5.225825906e-01-5.118833184e-01-4.992049038e-01-4.846887290e-01-4.684763849e-01
-4.507093132e-01-4.315290749e-01-4.110771418e-01-3.894950449e-01-3.669242561e-01
-3.435062766e-01-3.193826377e-01-2.946948111e-01-2.695843577e-01-2.441927344e-01
-2.186614573e-01-1.931320280e-01-1.677459478e-01-1.426447332e-01-1.179698780e-01
-9.386289865e-02-7.046528161e-02-4.791854694e-02-2.636419237e-02-5.943721160e-03
 1.320136059e-02 3.092954867e-02 4.709934071e-02 6.156922877e-02 7.419770956e-02
 8.484328538e-02 9.336444736e-02 9.961968660e-02 1.034675017e-01 1.047663912e-01
-4.131840332e+03 4.762240234e+04 9.773570312e+04 1.462080625e+05 1.930394844e+05
 2.382299531e+05 2.817795000e+05 3.236880938e+05 3.639557188e+05 4.025824375e+05
 4.395681875e+05 4.749130000e+05 5.086169062e+05 5.406798125e+05 5.711018125e+05
 5.998828750e+05 6.270230000e+05 6.525221250e+05 6.763803750e+05 6.985976250e+05
 7.191740000e+05 7.381093750e+05 7.554038750e+05 7.710573750e+05 7.850699375e+05
 7.974415625e+05 8.081722500e+05 8.172620000e+05 8.247108125e+05 8.305186250e+05
 8.346855625e+05 8.372115625e+05 8.380965625e+05 8.373406250e+05 8.349438125e+05
 8.309060000e+05 8.252272500e+05 8.179075625e+05 8.089469375e+05 7.983453750e+05
 7.861028750e+05 7.722194375e+05 7.566950625e+05 7.395296875e+05 7.207234375e+05
 7.002761875e+05 6.781880625e+05 6.544589375e+05 6.290888750e+05 6.020779375e+05
 5.734260000e+05 5.431331250e+05 5.111992812e+05 4.776245312e+05 4.424088438e+05
 4.055521875e+05 3.670545938e+05 3.269160938e+05 2.851365938e+05 2.417162031e+05
 1.966548438e+05 1.499525469e+05 1.016093047e+05 5.162512500e+04-0.000000000e+00
-6.744070106e-06-1.248067565e-04-3.728736483e-04-6.957655423e-04-9.989072569e-04
-1.248800312e-03-1.461846055e-03-1.656217035e-03-1.846094150e-03-2.041596686e-03
-2.249716315e-03-2.475171117e-03-2.721001161e-03-2.988994587e-03-3.280099714e-03
-3.595042042e-03-3.935545217e-03-4.306823481e-03-4.722109530e-03-5.208146758e-03
-5.804667715e-03-6.549197715e-03-7.455427665e-03-8.506089449e-03-9.667479433e-03
-1.090963930e-02-1.221403107e-02-1.357090380e-02-1.497505698e-02-1.642314531e-02
-1.791234128e-02-1.943973266e-02-2.100203186e-02-2.259542607e-02-2.421549894e-02
-2.585719153e-02-2.751480043e-02-2.918202430e-02-3.085205145e-02-3.251769394e-02
-3.417157382e-02-3.580632061e-02-3.741482645e-02-3.899047896e-02-4.052738473e-02
-4.202058911e-02-4.346618056e-02-4.486139119e-02-4.620458186e-02-4.749520123e-02
-4.873362556e-02-4.992104322e-02-5.105923489e-02-5.215040594e-02-5.319701135e-02
-5.420159549e-02-5.516666919e-02-5.609462410e-02-5.698765442e-02-5.784772336e-02
-5.867655575e-02-5.947561562e-02-6.024613604e-02-6.098913401e-02-6.170542538e-02
-1.166528182e-05-2.204153134e-04-6.950214156e-04-1.451035496e-03-1.842267346e-03
-1.935820444e-03-2.005832968e-03-2.079579514e-03-2.169701736e-03-2.283470239e-03
-2.425824758e-03-2.600501990e-03-2.810560865e-03-3.058720846e-03-3.347697435e-03
-3.680712543e-03-4.062307999e-03-4.499392118e-03-5.002154969e-03-5.584113300e-03
-6.260441616e-03-7.044500671e-03-7.944053970e-03-8.959457278e-03-1.008478366e-02
-1.131068915e-02-1.262702048e-02-1.402423996e-02-1.549394056e-02-1.702889986e-02
-1.862286963e-02-2.027022094e-02-2.196552232e-02-2.370316535e-02-2.547706664e-02
-2.728045359e-02-2.910573781e-02-3.094448708e-02-3.278748319e-02-3.462487832e-02
-3.644643724e-02-3.824187443e-02-4.000124708e-02-4.171537235e-02-4.337622970e-02
-4.497732222e-02-4.651389644e-02-4.798306152e-02-4.938375205e-02-5.071656778e-02
-5.198350549e-02-5.318764225e-02-5.433277413e-02-5.542309582e-02-5.646291003e-02
-5.745639652e-02-5.840745941e-02-5.931959301e-02-6.019585952e-02-6.103884429e-02
-6.185068190e-02-6.263309717e-02-6.338743120e-02-6.411471963e-02-6.481571496e-02
-1.616367081e-05-3.070728562e-04-9.790412150e-04-2.074777847e-03-2.868861193e-03
-2.705124440e-03-2.554055769e-03-2.470218111e-03-2.440239070e-03-2.460063668e-03
-2.528925892e-03-2.647550311e-03-2.817716217e-03-3.042015946e-03-3.323168028e-03
-3.663579701e-03-4.066000693e-03-4.534492269e-03-5.074749235e-03-5.693899933e-03
-6.400316488e-03-7.203528658e-03-8.113538846e-03-9.138656780e-03-1.028299332e-02
-1.154551376e-02-1.292016543e-02-1.439690404e-02-1.596446149e-02-1.761308126e-02
-1.933510602e-02-2.112422697e-02-2.297458425e-02-2.488006465e-02-2.683378756e-02
-2.882774360e-02-3.085256182e-02-3.289739415e-02-3.494993225e-02-3.699660301e-02
-3.902291507e-02-4.101400822e-02-4.295534641e-02-4.483351484e-02-4.663699865e-02
-4.835686833e-02-4.998723418e-02-5.152542144e-02-5.297182500e-02-5.432952195e-02
-5.560365692e-02-5.680076778e-02-5.792811885e-02-5.899311602e-02-6.000285223e-02
-6.096379086e-02-6.188159063e-02-6.276103854e-02-6.360602379e-02-6.441963464e-02
-6.520423293e-02-6.596152484e-02-6.669273227e-02-6.739863008e-02-6.807968020e-02
-1.831393456e-05-3.472117533e-04-1.100724679e-03-2.308977535e-03-3.191100899e-03
-3.019953379e-03-2.792990534e-03-2.619746607e-03-2.506084507e-03-2.453954890e-03
-2.463378478e-03-2.533490770e-03-2.664464060e-03-2.864359878e-03-3.141037421e-03
-3.490157658e-03-3.906481899e-03-4.391687457e-03-4.949257709e-03-5.581595004e-03
-6.289211102e-03-7.077924442e-03-7.970083505e-03-9.001956321e-03-1.018302049e-02
-1.151962578e-02-1.301117893e-02-1.462789346e-02-1.633845083e-02-1.813377626e-02
-2.001038007e-02-2.196552791e-02-2.399588190e-02-2.609686553e-02-2.826221101e-02
-3.048358299e-02-3.275023773e-02-3.504877165e-02-3.736298531e-02-3.967402130e-02
-4.196080565e-02-4.420091957e-02-4.637186229e-02-4.845265672e-02-5.042551085e-02
-5.227730423e-02-5.400057510e-02-5.559379980e-02-5.706096068e-02-5.841049179e-02
-5.965385213e-02-6.080405787e-02-6.187435240e-02-6.287720799e-02-6.382371485e-02
-6.472323090e-02-6.558333337e-02-6.640990824e-02-6.720733643e-02-6.797870994e-02
-6.872608513e-02-6.945066899e-02-7.015306503e-02-7.083336264e-02-7.149136811e-02
-1.830825386e-05-3.468493815e-04-1.097688219e-03-2.291288460e-03-3.154664999e-03
-2.943269908e-03-2.662766725e-03-2.433673246e-03-2.270928351e-03-2.179958392e-03
-2.160557779e-03-2.209758386e-03-2.320631640e-03-2.511503408e-03-2.807246521e-03
-3.162779845e-03-3.591547022e-03-4.089448135e-03-4.659130704e-03-5.302687641e-03
-6.006174721e-03-6.756417453e-03-7.547805086e-03-8.621429093e-03-9.832621552e-03
-1.124166418e-02-1.293577906e-02-1.474757213e-02-1.662227698e-02-1.857698523e-02
-2.062029950e-02-2.275648154e-02-2.498674393e-02-2.730962075e-02-2.972087823e-02
-3.221315145e-02-3.477534279e-02-3.739193827e-02-4.004235193e-02-4.270051792e-02
-4.533507675e-02-4.791050404e-02-5.038940534e-02-5.273590609e-02-5.491961539e-02
-5.691926554e-02-5.872510001e-02-6.033942476e-02-6.177518144e-02-6.305298954e-02
-6.419748068e-02-6.523393095e-02-6.618569046e-02-6.707271188e-02-6.791102141e-02
-6.871283054e-02-6.948690861e-02-7.023922354e-02-7.097347826e-02-7.169167697e-02
-7.239454985e-02-7.308191061e-02-7.375299186e-02-7.440660894e-02-7.504139096e-02
-1.638165850e-05-3.109539975e-04-9.886620101e-04-2.085214248e-03-2.824204275e-03
-2.496764529e-03-2.124662278e-03-1.838380122e-03-1.653136336e-03-1.565659302e-03
-1.566145686e-03-1.646962250e-03-1.804070664e-03-2.034531441e-03-2.335977042e-03
-2.703521168e-03-3.147745272e-03-3.655886743e-03-4.244218115e-03-4.904637579e-03
-5.658852868e-03-6.460506003e-03-7.278098725e-03-8.430419490e-03-9.700225666e-03
-1.117167436e-02-1.295134425e-02-1.485599764e-02-1.684109308e-02-1.892673410e-02
-2.112410590e-02-2.344034240e-02-2.587983385e-02-2.844453231e-02-3.113370389e-02
-3.394323960e-02-3.686448932e-02-3.988261148e-02-4.297444969e-02-4.610622674e-02
-4.923174530e-02-5.229240283e-02-5.522065237e-02-5.794777349e-02-6.041448936e-02
-6.258120388e-02-6.443461776e-02-6.598887593e-02-6.728094071e-02-6.836126745e-02
-6.928330660e-02-7.009527832e-02-7.083601505e-02-7.153417170e-02-7.220938057e-02
-7.287406921e-02-7.353530079e-02-7.419630885e-02-7.485771179e-02-7.551838458e-02
-7.617612928e-02-7.682812959e-02-7.747126371e-02-7.810237259e-02-7.871835679e-02
-1.210769278e-05-2.306845126e-04-7.409540704e-04-1.588411280e-03-2.054323675e-03
-1.478300313e-03-9.626646060e-04-6.538300076e-04-5.308350665e-04-5.422849208e-04
-6.457327399e-04-8.178284625e-04-1.049244660e-03-1.337049762e-03-1.683132374e-03
-2.091408474e-03-2.566127107e-03-3.110603895e-03-3.730620956e-03-4.456209484e-03
-5.276358686e-03-6.189662032e-03-7.217896171e-03-8.398426697e-03-9.749111719e-03
-1.128237508e-02-1.300270297e-02-1.489097159e-02-1.692620479e-02-1.910628751e-02
-2.143559046e-02-2.392026782e-02-2.656682208e-02-2.938145772e-02-3.236950561e-02
-3.553454578e-02-3.887690231e-02-4.239103198e-02-4.606126621e-02-4.985511303e-02
-5.371385813e-02-5.754256248e-02-6.120778993e-02-6.455609202e-02-6.745148450e-02
-6.980803609e-02-7.160589844e-02-7.289522886e-02-7.378479838e-02-7.440824807e-02
-7.488466799e-02-7.529950887e-02-7.570581883e-02-7.613275945e-02-7.659392059e-02
-7.709332556e-02-7.762939483e-02-7.819741219e-02-7.879108936e-02-7.940347493e-02
-8.002752811e-02-8.065645397e-02-8.128391951e-02-8.190412819e-02-8.251190186e-02
-5.411656730e-06-1.018571274e-04-3.196795005e-04-6.669819704e-04-4.116191412e-04
 8.591091027e-04 1.487520873e-03 1.430499484e-03 1.147619914e-03 8.212293615e-04
 4.919002531e-04 1.673684601e-04-1.556956704e-04-4.969219444e-04-8.803576347e-04
-1.319066156e-03-1.823158818e-03-2.401601756e-03-3.064550925e-03-3.841497470e-03
-4.733260721e-03-5.691479892e-03-6.784701254e-03-8.023691364e-03-9.418900125e-03
-1.098609902e-02-1.272574440e-02-1.463723090e-02-1.672182046e-02-1.898269169e-02
-2.142641693e-02-2.406180836e-02-2.689921111e-02-2.995082922e-02-3.323106468e-02
-3.675663844e-02-4.054630920e-02-4.461970180e-02-4.899438843e-02-5.367869884e-02
-5.865387246e-02-6.382845342e-02-6.893703341e-02-7.349560410e-02-7.714675367e-02
-7.972173393e-02-8.118453622e-02-8.162771910e-02-8.142539859e-02-8.104293048e-02
-8.071655780e-02-8.052775264e-02-8.049333841e-02-8.060484380e-02-8.084453642e-02
-8.119210601e-02-8.162754774e-02-8.213224262e-02-8.268942684e-02-8.328417689e-02
-8.390337974e-02-8.453559875e-02-8.517090976e-02-8.580078185e-02-8.641792834e-02
 1.019542196e-06 2.342240805e-05 1.030627755e-04 3.140700574e-04 1.628858852e-03
 4.490816500e-03 4.799535498e-03 3.680252004e-03 2.766000107e-03 2.114922972e-03
 1.567083411e-03 1.113472972e-03 7.525183028e-04 4.047940893e-04 1.620048170e-05
-4.235405358e-04-9.234692552e-04-1.505325548e-03-2.166027902e-03-2.917492995e-03
-3.762528533e-03-4.788819235e-03-5.901468452e-03-7.164269220e-03-8.601115085e-03
-1.022489090e-02-1.200752240e-02-1.396705955e-02-1.610653661e-02-1.842814870e-02
-2.096346579e-02-2.372219972e-02-2.671482228e-02-2.995924279e-02-3.347790241e-02
-3.730136901e-02-4.147079214e-02-4.603989422e-02-5.108020082e-02-5.669128522e-02
-6.301957369e-02-7.030633092e-02-7.910396904e-02-8.608976752e-02-9.111749381e-02
-9.348481894e-02-9.529641271e-02-9.242913127e-02-8.920890838e-02-8.716291189e-02
-8.584906906e-02-8.505765349e-02-8.465518057e-02-8.454740793e-02-8.466462791e-02
-8.495363593e-02-8.537279069e-02-8.588885516e-02-8.647482097e-02-8.710848540e-02
-8.777144551e-02-8.844837546e-02-8.912649006e-02-8.979517221e-02-9.044564515e-02
 3.332751476e-06 6.793018110e-05 2.479852701e-04 6.329746684e-04 2.224044409e-03
 5.939831026e-03 5.915586371e-03 4.525250290e-03 3.612785367e-03 2.927456051e-03
 2.395458287e-03 1.969455276e-03 1.608057762e-03 1.272154390e-03 9.267138666e-04
 5.438210792e-04 1.017304166e-04-4.164733109e-04-1.024122117e-03-1.734334626e-03
-2.561746864e-03-3.518758575e-03-4.611287266e-03-5.862338468e-03-7.302556187e-03
-8.903492242e-03-1.070805453e-02-1.275249850e-02-1.491195429e-02-1.729293726e-02
-1.992446929e-02-2.278078347e-02-2.587712370e-02-2.925406210e-02-3.290526569e-02
-3.687943518e-02-4.123987630e-02-4.605434090e-02-5.140890554e-02-5.743591115e-02
-6.434292346e-02-7.245222479e-02-8.218720555e-02-9.000500292e-02-9.554290771e-02
-9.820203483e-02-9.978189319e-02-9.658591449e-02-9.277559072e-02-9.031327814e-02
-8.880816400e-02-8.796764165e-02-8.759887516e-02-8.757250011e-02-8.779801428e-02
-8.820936829e-02-8.875659108e-02-8.940073848e-02-9.011079371e-02-9.086165577e-02
-9.163279086e-02-9.240733832e-02-9.317144752e-02-9.391381592e-02-9.462530911e-02
 4.127931561e-07 1.128769600e-05 6.062707325e-05 2.200310410e-04 1.555399736e-03
 5.747709423e-03 5.178984720e-03 3.866744228e-03 3.266930114e-03 2.876730403e-03
 2.608231269e-03 2.416056581e-03 2.255801344e-03 2.093820367e-03 1.901752548e-03
 1.654704334e-03 1.331152976e-03 9.145034128e-04 3.979128960e-04-2.320524654e-04
-9.905289626e-04-1.892005210e-03-2.949449467e-03-4.174247384e-03-5.576376803e-03
-7.164703682e-03-8.950579911e-03-1.093760505e-02-1.311796624e-02-1.553766616e-02
-1.820769161e-02-2.108980902e-02-2.426785044e-02-2.774558589e-02-3.144720942e-02
-3.533136472e-02-3.965936974e-02-4.444122687e-02-4.963663220e-02-5.534559861e-02
-6.164687127e-02-6.863259524e-02-7.632918656e-02-8.284691721e-02-8.780069649e-02
-9.089936316e-02-9.269370139e-02-9.199600667e-02-9.050865471e-02-8.954580128e-02
-8.905756474e-02-8.895368874e-02-8.915321529e-02-8.958818763e-02-9.020244330e-02
-9.094969183e-02-9.179157019e-02-9.269616008e-02-9.363675863e-02-9.459098428e-02
-9.554013610e-02-9.646867216e-02-9.736382961e-02-9.821526706e-02-9.901484102e-02
-5.873329428e-06-1.115339401e-04-3.574072907e-04-7.730468060e-04-6.507821381e-04
 5.063423887e-04 1.364817843e-03 1.794783049e-03 2.037214348e-03 2.229909878e-03
 2.432546113e-03 2.677232027e-03 2.865921706e-03 2.994854702e-03 3.051153151e-03
 3.015405498e-03 2.861882560e-03 2.556359163e-03 2.168386476e-03 1.662886003e-03
 1.013081288e-03 1.984440169e-04-7.943051751e-04-1.967971446e-03-3.331745043e-03
-4.894886632e-03-6.664820015e-03-8.648522198e-03-1.085327659e-02-1.328678522e-02
-1.595465653e-02-1.886299998e-02-2.202469669e-02-2.543145791e-02-2.904871292e-02
-3.298486024e-02-3.719084337e-02-4.164980352e-02-4.635645449e-02-5.146605894e-02
-5.675213784e-02-6.216344982e-02-6.748370826e-02-7.238883525e-02-7.662333548e-02
-8.004144579e-02-8.260901272e-02-8.441532403e-02-8.569213748e-02-8.671928942e-02
-8.768811822e-02-8.869185299e-02-8.976435661e-02-9.090907127e-02-9.211492538e-02
-9.336450696e-02-9.463826567e-02-9.591671824e-02-9.718155116e-02-9.841620177e-02
-9.960613400e-02-1.007389873e-01-1.018045768e-01-1.027948484e-01-1.037037596e-01
-1.153820540e-05-2.197530703e-04-7.048354601e-04-1.505073975e-03-1.881000935e-03
-1.147480914e-03-3.598375770e-04 3.446562914e-04 9.753431659e-04 1.563950791e-03
 2.144095255e-03 2.745202975e-03 3.266723361e-03 3.707239870e-03 4.059837665e-03
 4.313109443e-03 4.452496301e-03 4.462700337e-03 4.333100747e-03 4.041841254e-03
 3.561454127e-03 2.862951020e-03 1.920927782e-03 8.123193984e-04-4.984838306e-04
-2.028359333e-03-3.778001294e-03-5.754194688e-03-7.963025942e-03-1.040894631e-02
-1.309579983e-02-1.602683403e-02-1.920397393e-02-2.262392826e-02-2.626141720e-02
-3.008372523e-02-3.410621360e-02-3.832886368e-02-4.273220152e-02-4.727590084e-02
-5.189441890e-02-5.654446781e-02-6.108066440e-02-6.542258710e-02-6.949687749e-02
-7.315173745e-02-7.638722658e-02-7.922963798e-02-8.174753189e-02-8.402789384e-02
-8.615054935e-02-8.817470074e-02-9.013703465e-02-9.205581248e-02-9.393627197e-02
-9.577519447e-02-9.756435454e-02-9.929291904e-02-1.009491235e-01-1.025214344e-01
-1.039992943e-01-1.053736880e-01-1.066374183e-01-1.077852696e-01-1.088140905e-01
-1.489969327e-05-2.824155672e-04-8.949716575e-04-1.879935153e-03-2.439558972e-03
-1.859795884e-03-1.135545084e-03-3.863850434e-04 3.818405385e-04 1.170129981e-03
 1.985832583e-03 2.842250047e-03 3.628718667e-03 4.337994382e-03 4.962091334e-03
 5.491349846e-03 5.913918838e-03 6.215454545e-03 6.378627848e-03 6.381280720e-03
 6.196608301e-03 5.794737488e-03 5.146138370e-03 4.228047095e-03 3.013924928e-03
 1.493239775e-03-2.330515708e-04-2.200569957e-03-4.418059718e-03-6.882891525e-03
-9.595814161e-03-1.255731098e-02-1.576912589e-02-1.923564821e-02-2.292878553e-02
-2.673762850e-02-3.064103983e-02-3.470748663e-02-3.892406821e-02-4.325217754e-02
-4.764311388e-02-5.203808844e-02-5.637316033e-02-6.059255078e-02-6.461324543e-02
-6.848353893e-02-7.219628245e-02-7.567662001e-02-7.898902893e-02-8.214132488e-02
-8.515549451e-02-8.804670721e-02-9.082610905e-02-9.349996597e-02-9.606935829e-02
-9.853084385e-02-1.008776203e-01-1.031008214e-01-1.051907241e-01-1.071377695e-01
-1.089334562e-01-1.105709597e-01-1.120456010e-01-1.133550853e-01-1.144995317e-01
-1.656831955e-05-3.131997946e-04-9.863638552e-04-2.044216730e-03-2.695946489e-03
-2.181709977e-03-1.488366281e-03-7.233940414e-04 1.181828920e-04 1.024941448e-03
 1.992814010e-03 3.027924336e-03 4.010921344e-03 4.929521587e-03 5.773635115e-03
 6.533727981e-03 7.199451793e-03 7.758460008e-03 8.195319213e-03 8.490473963e-03
 8.619593456e-03 8.553382941e-03 8.257906884e-03 7.695470937e-03 6.825909484e-03
 5.612839013e-03 4.034900106e-03 2.085848246e-03-1.772356627e-04-2.682064660e-03
-5.442660768e-03-8.452067152e-03-1.170436293e-02-1.519077551e-02-1.889854670e-02
-2.280560322e-02-2.691944316e-02-3.090766817e-02-3.509712964e-02-3.941915929e-02
-4.381996021e-02-4.825399071e-02-5.267790705e-02-5.705106631e-02-6.133772805e-02
-6.550733745e-02-6.952922046e-02-7.340540737e-02-7.714483887e-02-8.109595627e-02
-8.492053300e-02-8.861399442e-02-9.217076749e-02-9.558470547e-02-9.884811193e-02
-1.019514427e-01-1.048834696e-01-1.076319665e-01-1.101847440e-01-1.125306562e-01
-1.146605983e-01-1.165682748e-01-1.182506904e-01-1.197083965e-01-1.209454387e-01
-1.731241355e-05-3.268790315e-04-1.026653219e-03-2.123313956e-03-2.809386933e-03
-2.320170868e-03-1.638810383e-03-8.526463644e-04 5.888333180e-05 1.051081927e-03
 2.126834122e-03 3.289653687e-03 4.414384719e-03 5.487037357e-03 6.497079041e-03
 7.435737178e-03 8.294459432e-03 9.063514881e-03 9.730712511e-03 1.028025616e-02
 1.069174241e-02 1.093934011e-02 1.099116262e-02 1.080888323e-02 1.034783106e-02
 9.558207355e-03 8.388034999e-03 6.788862869e-03 4.730206914e-03 2.221296774e-03
-6.382759893e-04-3.739256877e-03-7.084695157e-03-1.066042017e-02-1.444902644e-02
-1.842796616e-02-2.256503515e-02-2.682740428e-02-3.122356720e-02-3.573156521e-02
-4.032503814e-02-4.497345164e-02-4.964683577e-02-5.431727692e-02-5.895968527e-02
-6.355162710e-02-6.807295233e-02-7.250590622e-02-7.683900744e-02-8.105834574e-02
-8.555494249e-02-9.005524218e-02-9.439807385e-02-9.856670350e-02-1.025480628e-01
-1.063251570e-01-1.098786369e-01-1.131882966e-01-1.162347868e-01-1.190012693e-01
-1.214748919e-01-1.236478835e-01-1.255182177e-01-1.270897537e-01-1.283719540e-01
-1.756329766e-05-3.314421047e-04-1.039777067e-03-2.145530656e-03-2.845633542e-03
-2.362617292e-03-1.669214340e-03-8.216589340e-04 1.349281956e-04 1.194233308e-03
 2.352883574e-03 3.604420461e-03 4.825584125e-03 6.004651543e-03 7.132355124e-03
 8.201321587e-03 9.204947390e-03 1.013610046e-02 1.098580379e-02 1.174199115e-02
 1.238836348e-02 1.290335227e-02 1.325920224e-02 1.342117041e-02 1.334689651e-02
 1.298605371e-02 1.228056289e-02 1.116608456e-02 9.576549754e-03 7.454557344e-03
 4.773452412e-03 1.575417002e-03-1.939064590e-03-5.689703394e-03-9.658776224e-03
-1.382927876e-02-1.818376407e-02-2.270428836e-02-2.737293206e-02-3.217316046e-02
-3.708462417e-02-4.207053781e-02-4.710207880e-02-5.216255784e-02-5.724026635e-02
-6.232428551e-02-6.740263849e-02-7.246235013e-02-7.748963684e-02-8.246676624e-02
-8.736364543e-02-9.254939854e-02-9.769587219e-02-1.026571691e-01-1.074094772e-01
-1.119233742e-01-1.161643937e-01-1.200968549e-01-1.236870661e-01-1.269063205e-01
-1.297334731e-01-1.321568191e-01-1.341750920e-01-1.357973963e-01-1.370421946e-01
-1.753406650e-05-3.307550214e-04-1.036684960e-03-2.133995760e-03-2.820380032e-03
-2.312934957e-03-1.572832000e-03-7.012184942e-04 2.969133202e-04 1.422734116e-03
 2.681505168e-03 3.959871363e-03 5.230158102e-03 6.474119611e-03 7.679982577e-03
 8.840131573e-03 9.949124418e-03 1.100194175e-02 1.199240610e-02 1.291175932e-02
 1.374738198e-02 1.448164694e-02 1.509089489e-02 1.554454770e-02 1.580432616e-02
 1.582356542e-02 1.554661430e-02 1.490847766e-02 1.383518241e-02 1.224623155e-02
 1.006223634e-02 7.223830558e-03 3.732476849e-03-2.822465322e-04-4.515933804e-03
-8.963478729e-03-1.361890417e-02-1.847240888e-02-2.351233549e-02-2.872359566e-02
-3.407714143e-02-3.950590640e-02-4.494911060e-02-5.042915419e-02-5.597602949e-02
-6.159334257e-02-6.727351993e-02-7.300445437e-02-7.877097279e-02-8.455625176e-02
-9.035613388e-02-9.623619169e-02-1.021722257e-01-1.079992801e-01-1.136323586e-01
-1.190093458e-01-1.240667477e-01-1.287403107e-01-1.329694390e-01-1.367026418e-01
-1.399025619e-01-1.425499618e-01-1.446454674e-01-1.462088972e-01-1.472763419e-01
-1.737225284e-05-3.276148054e-04-1.026175218e-03-2.119134646e-03-2.771008527e-03
-2.232266590e-03-1.469233073e-03-5.707947421e-04 4.631086194e-04 1.633476117e-03
 2.942817751e-03 4.265288822e-03 5.580635741e-03 6.874361541e-03 8.137149736e-03
 9.363562800e-03 1.055046357e-02 1.169540547e-02 1.279506460e-02 1.384378038e-02
 1.483220328e-02 1.574607752e-02 1.656516641e-02 1.726235822e-02 1.780292764e-02
 1.814393885e-02 1.823365502e-02 1.801086403e-02 1.740401238e-02 1.633043960e-02
 1.469678711e-02 1.240361016e-02 9.360981174e-03 5.527960602e-03 9.962330805e-04
-3.764064983e-03-8.769937791e-03-1.400947943e-02-1.947941072e-02-2.518804744e-02
-3.118105792e-02-3.760965541e-02-4.305867106e-02-4.890469462e-02-5.493287742e-02
-6.111722067e-02-6.744569540e-02-7.390527427e-02-8.048057556e-02-8.715273440e-02
-9.390173852e-02-1.007602215e-01-1.077217162e-01-1.146218851e-01-1.213621199e-01
-1.278461069e-01-1.339667588e-01-1.396104395e-01-1.446657926e-01-1.490357220e-01
-1.526498795e-01-1.554746926e-01-1.575174779e-01-1.588237733e-01-1.594687253e-01
-1.717757550e-05-3.239364887e-04-1.014546142e-03-2.085774438e-03-2.730029635e-03
-2.171577420e-03-1.379918074e-03-4.511858860e-04 6.156766904e-04 1.821866143e-03
 3.169007134e-03 4.527353682e-03 5.878392141e-03 7.209952921e-03 8.515195921e-03
 9.791229852e-03 1.103755645e-02 1.225447655e-02 1.344152819e-02 1.459597889e-02
 1.571140625e-02 1.677639410e-02 1.777338982e-02 1.867777668e-02 1.945722103e-02
 2.007125691e-02 2.047102898e-02 2.059898153e-02 2.038816921e-02 1.976096816e-02
 1.862722635e-02 1.688298024e-02 1.441310998e-02 1.110638399e-02 6.900466047e-03
 1.885855338e-03-3.535021329e-03-9.190686978e-03-1.508569904e-02-2.122687362e-02
-2.762373723e-02-3.433427587e-02-4.113959894e-02-4.725625366e-02-5.381274596e-02
-6.061359495e-02-6.764364988e-02-7.489372045e-02-8.235272020e-02-9.000474960e-02
-9.782168269e-02-1.058538035e-01-1.141398996e-01-1.224452928e-01-1.306732893e-01
-1.386928558e-01-1.463337541e-01-1.533938646e-01-1.596566439e-01-1.649211198e-01
-1.690386236e-01-1.719438881e-01-1.736677438e-01-1.743261814e-01-1.740909666e-01
-1.698218875e-05-3.202551452e-04-1.002940466e-03-2.064367989e-03-2.689040964e-03
-2.107697073e-03-1.293357462e-03-3.379874688e-04 7.584212581e-04 1.995318569e-03
 3.372510662e-03 4.758174066e-03 6.135705393e-03 7.495224476e-03 8.832335472e-03
 1.014667936e-02 1.144038048e-02 1.271644607e-02 1.397717278e-02 1.522258203e-02
 1.644889079e-02 1.764708571e-02 1.880165562e-02 1.988958940e-02 2.087973058e-02
 2.173255943e-02 2.240031958e-02 2.282731049e-02 2.294993587e-02 2.269596606e-02
 2.198257856e-02 2.071311511e-02 1.877370663e-02 1.603374258e-02 1.236022171e-02
 7.667997386e-03 2.043853281e-03-4.018608481e-03-1.031729300e-02-1.686189137e-02
-2.366143838e-02-3.072763979e-02-3.815159574e-02-4.527089745e-02-5.232826620e-02
-5.978425965e-02-6.756129116e-02-7.564993203e-02-8.405277878e-02-9.277686477e-02
-1.018387228e-01-1.112777740e-01-1.210902855e-01-1.311813146e-01-1.414340585e-01
-1.516860276e-01-1.616871208e-01-1.710765660e-01-1.793951541e-01-1.861590445e-01
-1.909879446e-01-1.937274337e-01-1.944975108e-01-1.936417371e-01-1.916048676e-01
-1.679819252e-05-3.167835530e-04-9.920662269e-04-2.042400884e-03-2.651249990e-03
-2.050771611e-03-1.210660674e-03-2.261744230e-04 9.019983117e-04 2.170273568e-03
 3.569307737e-03 4.972398281e-03 6.366999820e-03 7.745930925e-03 9.107084014e-03
 1.045236737e-02 1.178628113e-02 1.311433874e-02 1.444142871e-02 1.577014662e-02
 1.709912159e-02 1.842141896e-02 1.972307824e-02 2.098196000e-02 2.216704004e-02
 2.323830314e-02 2.414724603e-02 2.483783104e-02 2.524747513e-02 2.530737780e-02
 2.494142391e-02 2.406299114e-02 2.256963402e-02 2.033717930e-02 1.721827127e-02
 1.305863913e-02 7.760931738e-03 1.449785079e-03-5.219848361e-03-1.213780046e-02
-1.930864714e-02-2.673151530e-02-3.438736871e-02-4.223730415e-02-5.016401038e-02
-5.835798010e-02-6.689936668e-02-7.581882924e-02-8.515022695e-02-9.492870420e-02
-1.051711887e-01-1.159888729e-01-1.276970804e-01-1.399525702e-01-1.528413445e-01
-1.663135588e-01-1.801644713e-01-1.938879192e-01-2.064754367e-01-2.164660692e-01
-2.225949317e-01-2.243943214e-01-2.223523557e-01-2.177466899e-01-2.119471133e-01
-1.662938848e-05-3.135760198e-04-9.819781408e-04-2.018243074e-03-2.613586141e-03
-1.995211700e-03-1.128776232e-03-1.102303795e-04 1.063793432e-03 2.398946090e-03
 3.781219944e-03 5.181402434e-03 6.581580266e-03 7.972825319e-03 9.353184141e-03
 1.072577853e-02 1.209694892e-02 1.347443648e-02 1.486555580e-02 1.627535746e-02
 1.770475693e-02 1.914870366e-02 2.059446648e-02 2.202024125e-02 2.339430340e-02
 2.467492409e-02 2.581117675e-02 2.674455941e-02 2.741101012e-02 2.774255723e-02
 2.766758762e-02 2.710870281e-02 2.597749420e-02 2.416651323e-02 2.154078148e-02
 1.793593727e-02 1.318128780e-02 7.188828196e-03 1.782556647e-04-7.098115981e-03
-1.463501155e-02-2.243283205e-02-3.049589321e-02-3.883144632e-02-4.742841050e-02
-5.624800548e-02-6.543861330e-02-7.506497949e-02-8.518619835e-02-9.587686509e-02
-1.072392315e-01-1.194266602e-01-1.326009780e-01-1.469086856e-01-1.625721753e-01
-1.799012423e-01-1.992911696e-01-2.212010324e-01-2.458559424e-01-2.651035488e-01
-2.749951780e-01-2.734035254e-01-2.604515254e-01-2.452191412e-01-2.323025316e-01
-1.648174657e-05-3.107725061e-04-9.730971651e-04-2.008231590e-03-2.579728607e-03
-1.940807328e-03-1.058756956e-03-1.715719191e-05 1.183412736e-03 2.544945572e-03
 3.942704294e-03 5.355014000e-03 6.767899729e-03 8.175000548e-03 9.576522745e-03
 1.097773667e-02 1.238727290e-02 1.381531823e-02 1.527173538e-02 1.676409692e-02
 1.829563268e-02 1.986313611e-02 2.145495266e-02 2.304929309e-02 2.461312711e-02
 2.610203810e-02 2.746125124e-02 2.862788178e-02 2.953400463e-02 3.010977432e-02
 3.028532304e-02 2.999015525e-02 2.914890088e-02 2.767306007e-02 2.544967271e-02
 2.233060449e-02 1.813274808e-02 1.267518383e-02 5.911338609e-03-1.753630699e-03
-9.663519450e-03-1.782976091e-02-2.626810968e-02-3.499829397e-02-4.403465614e-02
-5.335902795e-02-6.301233917e-02-7.312152535e-02-8.376057446e-02-9.501377493e-02
-1.069917679e-01-1.199011579e-01-1.339935213e-01-1.494537890e-01-1.666865647e-01
-1.863117367e-01-2.093075961e-01-2.372640371e-01-2.725020647e-01-2.997523248e-01
-3.142722249e-01-3.093449473e-01-2.854631245e-01-2.613218427e-01-2.433568984e-01
-1.636501474e-05-3.085807839e-04-9.663078235e-04-1.986275893e-03-2.560136374e-03
-1.909991726e-03-1.006779145e-03 5.464334754e-05 1.275600051e-03 2.657307079e-03
 4.072648939e-03 5.501246545e-03 6.931024138e-03 8.357703686e-03 9.783674963e-03
 1.121650729e-02 1.266727131e-02 1.414872985e-02 1.567340642e-02 1.725150459e-02
 1.888866164e-02 2.058358118e-02 2.232568525e-02 2.409304678e-02 2.585094981e-02
 2.755157650e-02 2.913515642e-02 3.053276800e-02 3.167049214e-02 3.247403353e-02
 3.287245333e-02 3.279932961e-02 3.218989447e-02 3.097333759e-02 2.906050533e-02
 2.632891759e-02 2.261072025e-02 1.769875363e-02 1.140931807e-02 3.784904955e-03
-4.457327537e-03-1.293484122e-02-2.166864090e-02-3.067909926e-02-3.998664021e-02
-4.959703609e-02-5.953990296e-02-6.989609450e-02-8.073564619e-02-9.213487804e-02
-1.041907445e-01-1.170827225e-01-1.310164332e-01-1.461202204e-01-1.626787782e-01
-1.810948998e-01-2.019360960e-01-2.260534316e-01-2.552062869e-01-2.776060402e-01
-2.925500274e-01-2.886993885e-01-2.698890865e-01-2.517574131e-01-2.375290394e-01
-1.627200800e-05-3.068407532e-04-9.609747794e-04-1.977344044e-03-2.545822645e-03
-1.882974524e-03-9.651978035e-04 1.128092408e-04 1.351193059e-03 2.750796266e-03
 4.183406476e-03 5.629465915e-03 7.078202441e-03 8.526991121e-03 9.980146773e-03
 1.144739985e-02 1.294219494e-02 1.447986253e-02 1.607561857e-02 1.774236746e-02
 1.948825829e-02 2.131402120e-02 2.321024612e-02 2.515486628e-02 2.711131610e-02
 2.902792580e-02 3.083909303e-02 3.246857226e-02 3.383465111e-02 3.485636413e-02
 3.545913100e-02 3.557787463e-02 3.515576571e-02 3.413749486e-02 3.245692700e-02
 3.002034687e-02 2.668858878e-02 2.226675861e-02 1.652509533e-02 9.310201742e-03
 8.620239678e-04-7.843144238e-03-1.679278165e-02-2.599028312e-02-3.544704989e-02
-4.518089071e-02-5.521774292e-02-6.559241563e-02-7.634689659e-02-8.753055334e-02
-9.920757264e-02-1.114762649e-01-1.244192943e-01-1.380619407e-01-1.524346918e-01
-1.675285250e-01-1.831975430e-01-1.989670992e-01-2.136933357e-01-2.254786044e-01
-2.326676995e-01-2.346797287e-01-2.321379483e-01-2.267650217e-01-2.203226238e-01
-1.618812348e-05-3.052537795e-04-9.560111212e-04-1.969352365e-03-2.528532641e-03
-1.856621471e-03-9.273128235e-04 1.639132824e-04 1.417003339e-03 2.832591999e-03
 4.281699657e-03 5.745432805e-03 7.214075886e-03 8.686398156e-03 1.016840525e-02
 1.167179551e-02 1.321224216e-02 1.480753999e-02 1.647555456e-02 1.823190041e-02
 2.008730918e-02 2.204466052e-02 2.409585193e-02 2.621880174e-02 2.837510966e-02
 3.050907515e-02 3.254880384e-02 3.440986201e-02 3.600145131e-02 3.723420575e-02
 3.802778572e-02 3.831607848e-02 3.804768249e-02 3.718030453e-02 3.566880152e-02
 3.344781324e-02 3.041134216e-02 2.639454417e-02 2.117182873e-02 1.450968534e-02
 6.365510635e-03-2.624302171e-03-1.177874859e-02-2.112053521e-02-3.066397086e-02
-4.042168334e-02-5.040708929e-02-6.063469872e-02-7.111880928e-02-8.186966181e-02
-9.287661314e-02-1.041925251e-01-1.159869283e-01-1.279603988e-01-1.400841177e-01
-1.522129774e-01-1.640891284e-01-1.753131300e-01-1.853476912e-01-1.936040074e-01
-1.996108592e-01-2.031792849e-01-2.044671923e-01-2.039102316e-01-2.020548880e-01
-1.611181870e-05-3.037998395e-04-9.513993864e-04-1.955116633e-03-2.509875456e-03
-1.830136054e-03-8.922418347e-04 2.096302196e-04 1.475482830e-03 2.905571135e-03
 4.370327573e-03 5.851437803e-03 7.340095472e-03 8.836273104e-03 1.034745574e-02
 1.188709307e-02 1.347288676e-02 1.512492262e-02 1.686358266e-02 1.870712824e-02
 2.066886611e-02 2.275390178e-02 2.495558746e-02 2.725200914e-02 2.960311435e-02
 3.194928542e-02 3.421226144e-02 3.629910946e-02 3.810927272e-02 3.954390064e-02
 4.051542655e-02 4.095481336e-02 4.081383348e-02 4.006061703e-02 3.866813332e-02
 3.659655526e-02 3.377150744e-02 3.006163985e-02 2.526380308e-02 1.911915839e-02
 1.142293494e-02 2.360442653e-03-6.898749154e-03-1.632241346e-02-2.589836158e-02
-3.562264889e-02-4.549420998e-02-5.551197380e-02-6.567274034e-02-7.596933842e-02
-8.638887107e-02-9.690751880e-02-1.074807718e-01-1.180359796e-01-1.284669638e-01
-1.386294514e-01-1.483352929e-01-1.573555917e-01-1.654392183e-01-1.723488569e-01
-1.779074520e-01-1.820381582e-01-1.847807765e-01-1.862770915e-01-1.867327541e-01
-1.604736462e-05-3.025841725e-04-9.476729319e-04-1.955005107e-03-2.498669317e-03
-1.816711971e-03-8.649172960e-04 2.486407466e-04 1.526680891e-03 2.970194444e-03
 4.449614789e-03 5.947266240e-03 7.455162238e-03 8.974302560e-03 1.051342487e-02
 1.208747551e-02 1.371591724e-02 1.542087086e-02 1.722500101e-02 1.914902590e-02
 2.120871656e-02 2.341138013e-02 2.575190552e-02 2.820874937e-02 3.074051253e-02
 3.328403458e-02 3.575507924e-02 3.805249184e-02 4.006605223e-02 4.168719053e-02
 4.282042384e-02 4.339261353e-02 4.335691035e-02 4.268945381e-02 4.137827456e-02
 3.940557316e-02 3.672542423e-02 3.323972970e-02 2.877785452e-02 2.309485339e-02
 1.593122259e-02 7.239249069e-03-2.256530104e-03-1.180700678e-02-2.142472565e-02
-3.111213446e-02-4.086596519e-02-5.067853630e-02-6.053767726e-02-7.042618841e-02
-8.032206446e-02-9.016141295e-02-9.985951334e-02-1.094069183e-01-1.187117994e-01
-1.276660264e-01-1.361471117e-01-1.440232843e-01-1.511640847e-01-1.574547738e-01
-1.628118902e-01-1.671955436e-01-1.706146300e-01-1.731233746e-01-1.748104692e-01
-1.598971721e-05-3.014823014e-04-9.441524744e-04-1.941263326e-03-2.484392840e-03
-1.791832852e-03-8.376699407e-04 2.833350736e-04 1.571151079e-03 3.026198130e-03
 4.518648610e-03 6.031233817e-03 7.556578610e-03 9.096471593e-03 1.066062506e-02
 1.226516441e-02 1.393096894e-02 1.568183117e-02 1.754234359e-02 1.953534782e-02
 2.167880908e-02 2.398206480e-02 2.644150890e-02 2.903613262e-02 3.172357753e-02
 3.443775326e-02 3.708927706e-02 3.956972435e-02 4.176014289e-02 4.354294762e-02
 4.481502622e-02 4.549872875e-02 4.554736614e-02 4.494282976e-02 4.368487746e-02
 4.177324846e-02 3.918495402e-02 3.584930673e-02 3.162450716e-02 2.628546394e-02
 1.955197565e-02 1.123596355e-02 1.667242032e-03-7.940285839e-03-1.757389866e-02
-2.722303942e-02-3.687626123e-02-4.651936889e-02-5.613403395e-02-6.569638103e-02
-7.517386228e-02-8.450684696e-02-9.363471717e-02-1.025287434e-01-1.111279204e-01
-1.193578318e-01-1.271385998e-01-1.343895048e-01-1.410347521e-01-1.470098346e-01
-1.522678137e-01-1.567839831e-01-1.605580151e-01-1.636129469e-01-1.659916937e-01
-1.594326386e-05-3.006030456e-04-9.414166561e-04-1.936268876e-03-2.474861918e-03
-1.777789323e-03-8.172346861e-04 3.112223640e-04 1.607524930e-03 3.072271822e-03
 4.575703759e-03 6.100900937e-03 7.640921045e-03 9.198087268e-03 1.078276243e-02
 1.241187472e-02 1.410729066e-02 1.589400694e-02 1.779804938e-02 1.984389685e-02
 2.205126360e-02 2.443115972e-02 2.698132023e-02 2.968133986e-02 3.248831630e-02
 3.533405438e-02 3.812525794e-02 4.074782506e-02 4.307584837e-02 4.498442262e-02
 4.636406526e-02 4.713309929e-02 4.724436998e-02 4.668360204e-02 4.545890540e-02
 4.358273745e-02 4.104888812e-02 3.780703619e-02 3.373795375e-02 2.863620222e-02
 2.222156338e-02 1.424054988e-02 4.799735267e-03-4.898967687e-03-1.457303111e-02
-2.421188168e-02-3.380351141e-02-4.333276302e-02-5.278016999e-02-6.212083623e-02
-7.132130861e-02-8.032734692e-02-8.908812702e-02-9.757879376e-02-1.057551429e-01
-1.135634407e-01-1.209478900e-01-1.278540939e-01-1.342323273e-01-1.400408745e-01
-1.452489942e-01-1.498390734e-01-1.538077891e-01-1.571658552e-01-1.599366516e-01
-1.590649299e-05-2.999117423e-04-9.392976644e-04-1.936258632e-03-2.466381062e-03
-1.769591821e-03-8.022908587e-04 3.323658893e-04 1.635171939e-03 3.107236000e-03
 4.619013984e-03 6.153795868e-03 7.704849355e-03 9.274731390e-03 1.087408978e-02
 1.252022106e-02 1.423547417e-02 1.604549028e-02 1.797711849e-02 2.005583607e-02
 2.230248973e-02 2.472925372e-02 2.733485401e-02 3.009947389e-02 3.298007697e-02
 3.590732813e-02 3.878559172e-02 4.149723426e-02 4.391189665e-02 4.589992017e-02
 4.734760895e-02 4.817053303e-02 4.832101986e-02 4.778698832e-02 4.658154398e-02
 4.472485557e-02 4.222097248e-02 3.903231025e-02 3.505458683e-02 3.009783104e-02
 2.389077097e-02 1.616032422e-02 6.912141107e-03-2.903661225e-03-1.263798866e-02
-2.229239047e-02-3.186130524e-02-4.133309796e-02-5.069051683e-02-5.991136655e-02
-6.897307187e-02-7.781425864e-02-8.634538949e-02-9.461205453e-02-1.025613472e-01
-1.101478413e-01-1.173274964e-01-1.240584180e-01-1.303028017e-01-1.360290647e-01
-1.412135661e-01-1.458420008e-01-1.499100477e-01-1.534234285e-01-1.563972533e-01
-1.587637962e-05-2.993333910e-04-9.373979992e-04-1.926224562e-03-2.456630114e-03
-1.756381826e-03-7.888735272e-04 3.476669372e-04 1.653739135e-03 3.130063647e-03
 4.647031892e-03 6.187844556e-03 7.745682728e-03 9.323000908e-03 1.093033236e-02
 1.258486882e-02 1.430889871e-02 1.612807624e-02 1.806937903e-02 2.015854232e-02
 2.241681144e-02 2.485686168e-02 2.747795917e-02 3.026075661e-02 3.316247463e-02
 3.611368686e-02 3.901821375e-02 4.175738990e-02 4.419944435e-02 4.621315002e-02
 4.768337682e-02 4.852474853e-02 4.868939891e-02 4.816592485e-02 4.696898907e-02
 4.512110725e-02 4.262945428e-02 3.946039453e-02 3.551450744e-02 3.060726821e-02
 2.447130345e-02 1.682838611e-02 7.650677580e-03-2.203318756e-03-1.196159422e-02
-2.162637189e-02-3.119352646e-02-4.065290466e-02-4.998847097e-02-5.917739868e-02
-6.818469614e-02-7.695492357e-02-8.544391394e-02-9.363764524e-02-1.015101299e-01
-1.090232804e-01-1.161367446e-01-1.228119731e-01-1.290143430e-01-1.347149611e-01
-1.398921162e-01-1.445323378e-01-1.486310512e-01-1.521925479e-01-1.552295685e-01
-1.586120561e-05-2.990485227e-04-9.365002625e-04-1.930136234e-03-2.454900183e-03
-1.752443612e-03-7.836233708e-04 3.540849139e-04 1.661452232e-03 3.139366396e-03
 4.658405203e-03 6.201575510e-03 7.761749905e-03 9.340971708e-03 1.094927359e-02
 1.260327455e-02 1.432464737e-02 1.613841951e-02 1.807096228e-02 2.014749683e-02
 2.238887176e-02 2.480754256e-02 2.740279585e-02 3.015558422e-02 3.302374855e-02
 3.593884781e-02 3.880601004e-02 4.150820896e-02 4.391549900e-02 4.589848965e-02
 4.734364152e-02 4.816663265e-02 4.831981659e-02 4.779096320e-02 4.659273475e-02
 4.474449158e-02 4.224914685e-02 3.906790167e-02 3.509557247e-02 3.014209121e-02
 2.393708937e-02 1.620869152e-02 6.961517502e-03-2.861325163e-03-1.260309946e-02
-2.226591855e-02-3.184503317e-02-4.132996127e-02-5.070529878e-02-5.995259807e-02
-6.906108558e-02-7.793346047e-02-8.640746772e-02-9.464633465e-02-1.025787368e-01
-1.101541296e-01-1.173263565e-01-1.240523607e-01-1.302936226e-01-1.360180229e-01
-1.412016004e-01-1.458297819e-01-1.498980671e-01-1.534120291e-01-1.563866436e-01
-1.586376129e-05-2.991026558e-04-9.366717422e-04-1.926387078e-03-2.458066680e-03
-1.753377728e-03-7.854572032e-04 3.512956901e-04 1.657620538e-03 3.134404775e-03
 4.652437754e-03 6.194376387e-03 7.752569392e-03 9.328365326e-03 1.093093585e-02
 1.257589273e-02 1.428376790e-02 1.607834920e-02 1.798472181e-02 2.002682909e-02
 2.222435921e-02 2.458885871e-02 2.711911872e-02 2.979622222e-02 3.257898241e-02
 3.540094569e-02 3.817036375e-02 4.077438265e-02 4.308795184e-02 4.498674348e-02
 4.636162147e-02 4.713110626e-02 4.724800959e-02 4.669765383e-02 4.548713192e-02
 4.362720251e-02 4.110938311e-02 3.788102791e-02 3.382136673e-02 2.872508019e-02
 2.231402695e-02 1.433711126e-02 4.898482468e-03-4.813476931e-03-1.450021099e-02
-2.415280044e-02-3.376062214e-02-4.330991581e-02-5.278264359e-02-6.215487421e-02
-7.138979435e-02-8.040841669e-02-8.914727718e-02-9.761208296e-02-1.057679132e-01
-1.135612428e-01-1.209352762e-01-1.278346032e-01-1.342086196e-01-1.400149465e-01
-1.452222914e-01-1.498126835e-01-1.537824720e-01-1.571421474e-01-1.599148959e-01
-1.588385385e-05-2.994893002e-04-9.378801915e-04-1.928308629e-03-2.462564036e-03
-1.759734354e-03-7.944710669e-04 3.392059589e-04 1.642061863e-03 3.114983905e-03
 4.629044328e-03 6.166408770e-03 7.718706504e-03 9.286334738e-03 1.087729353e-02
 1.250579860e-02 1.419078745e-02 1.595427841e-02 1.781946421e-02 1.980835944e-02
 2.193883434e-02 2.422092482e-02 2.665250003e-02 2.921464294e-02 3.186745942e-02
 3.454740345e-02 3.716741130e-02 3.962095827e-02 4.179048911e-02 4.355935752e-02
 4.482501373e-02 4.551002383e-02 4.556747898e-02 4.497840628e-02 4.374080151e-02
 4.185168445e-02 3.928472474e-02 3.596607968e-02 3.175220266e-02 2.641875111e-02
 1.968855038e-02 1.137518976e-02 1.800700906e-03-7.815612480e-03-1.746020280e-02
-2.712271735e-02-3.679246455e-02-4.645637423e-02-5.609748885e-02-6.569328159e-02
-7.520977408e-02-8.455874771e-02-9.366189688e-02-1.025303900e-01-1.111105233e-01
-1.193272024e-01-1.270993948e-01-1.343452930e-01-1.409882158e-01-1.469629705e-01
-1.522220820e-01-1.567404121e-01-1.605173349e-01-1.635756493e-01-1.659580469e-01
-1.592167609e-05-3.002115991e-04-9.401392890e-04-1.939087058e-03-2.470090054e-03
-1.772024203e-03-8.109073970e-04 3.176059981e-04 1.614581677e-03 3.080991330e-03
 4.588330165e-03 6.118173711e-03 7.661276031e-03 9.216876701e-03 1.079154387e-02
 1.239778940e-02 1.405258942e-02 1.577576809e-02 1.758815721e-02 1.950933784e-02
 2.155485563e-02 2.373279631e-02 2.603979595e-02 2.845688164e-02 3.094574064e-02
 3.344645724e-02 3.587784246e-02 3.814132139e-02 4.012864083e-02 4.173256457e-02
 4.285837337e-02 4.343307018e-02 4.340922832e-02 4.276144132e-02 4.147504270e-02
 3.952851146e-02 3.687175736e-02 3.340329975e-02 2.895145118e-02 2.327363379e-02
 1.611487009e-02 7.427925710e-03-2.076490549e-03-1.163506601e-02-2.126147598e-02
-3.095900267e-02-4.072526097e-02-5.055374280e-02-6.043409556e-02-7.035247236e-02
-8.029459417e-02-9.016045928e-02-9.981943667e-02-1.093450114e-01-1.186383069e-01
-1.275868863e-01-1.360661387e-01-1.439431310e-01-1.510865539e-01-1.573811471e-01
-1.627430320e-01-1.671320498e-01-1.705568731e-01-1.730715483e-01-1.747646183e-01
-1.597817391e-05-3.012835805e-04-9.434704552e-04-1.938712434e-03-2.482092706e-03
-1.788552967e-03-8.346458781e-04 2.861137618e-04 1.574640512e-03 3.031924833e-03
 4.530032165e-03 6.049874704e-03 7.581210230e-03 9.121961892e-03 1.067706570e-02
 1.225709729e-02 1.387680415e-02 1.555352286e-02 1.730539277e-02 1.914923266e-02
 2.109794132e-02 2.315737307e-02 2.532277629e-02 2.757511288e-02 2.987787500e-02
 3.217526153e-02 3.439269587e-02 3.644043952e-02 3.822045028e-02 3.963559493e-02
 4.059917107e-02 4.104210436e-02 4.091503099e-02 4.018370062e-02 3.881742805e-02
 3.677184135e-02 3.396810964e-02 3.027209453e-02 2.548112534e-02 1.934039220e-02
 1.164892968e-02 2.585934708e-03-6.675326265e-03-1.610166952e-02-2.568068914e-02
-3.540847823e-02-4.528408870e-02-5.530659482e-02-6.547306478e-02-7.577693462e-02
-8.620595932e-02-9.673320502e-02-1.073122621e-01-1.178747490e-01-1.283145994e-01
-1.384866387e-01-1.482022852e-01-1.572324336e-01-1.653258651e-01-1.722452492e-01
-1.778134704e-01-1.819536686e-01-1.847056150e-01-1.862109900e-01-1.866754144e-01
-1.605650505e-05-3.027654020e-04-9.480883600e-04-1.952626626e-03-2.499264432e-03
-1.812377130e-03-8.674480487e-04 2.432042093e-04 1.520696096e-03 2.966254251e-03
 4.452825990e-03 5.960646551e-03 7.478393149e-03 9.002539329e-03 1.053623389e-02
 1.208794955e-02 1.367003284e-02 1.529715210e-02 1.698458195e-02 1.874620281e-02
 2.059211396e-02 2.252583578e-02 2.454116568e-02 2.661903575e-02 2.872486226e-02
 3.080715425e-02 3.279816359e-02 3.461715207e-02 3.617626056e-02 3.738809004e-02
 3.817316145e-02 3.846496716e-02 3.821032867e-02 3.736373410e-02 3.587564453e-02
 3.367588297e-02 3.065462224e-02 2.664598264e-02 2.142744325e-02 1.477134507e-02
 6.636583712e-03-2.355448436e-03-1.150951441e-02-2.084949426e-02-3.039024025e-02
-4.014446214e-02-5.012513697e-02-6.034569070e-02-7.081831992e-02-8.154860884e-02
-9.250855446e-02-1.037849560e-01-1.156763732e-01-1.276953369e-01-1.398516446e-01
-1.520066261e-01-1.639048010e-01-1.751479357e-01-1.851995885e-01-1.934715211e-01
-1.994929612e-01-2.030752152e-01-2.043762803e-01-2.038318366e-01-2.019882798e-01
-1.616021109e-05-3.047205682e-04-9.541789186e-04-1.962849405e-03-2.520151902e-03
-1.843584119e-03-9.106968064e-04 1.866033563e-04 1.449843519e-03 2.880713437e-03
 4.353486001e-03 5.847689696e-03 7.350771222e-03 8.857579902e-03 1.036931854e-02
 1.189223491e-02 1.343617775e-02 1.501308195e-02 1.663530804e-02 1.831377111e-02
 2.005576342e-02 2.186247334e-02 2.372627705e-02 2.562808990e-02 2.753523365e-02
 2.940040827e-02 3.116241470e-02 3.274897113e-02 3.408152238e-02 3.508113325e-02
 3.567390144e-02 3.579391912e-02 3.538195044e-02 3.437889367e-02 3.271402046e-02
 3.028940409e-02 2.696375176e-02 2.254376002e-02 1.680496149e-02 9.598332457e-03
 1.156344428e-03-7.541880943e-03-1.648340747e-02-2.567197941e-02-3.511961177e-02
-4.484447464e-02-5.487187952e-02-6.523483992e-02-7.597321272e-02-8.713527769e-02
-9.879039973e-02-1.110621542e-01-1.240442321e-01-1.377331913e-01-1.521473080e-01
-1.672762632e-01-1.829748750e-01-1.987695694e-01-2.135175467e-01-2.253223658e-01
-2.325298041e-01-2.345595360e-01-2.320348769e-01-2.266782224e-01-2.202509046e-01
-1.629323015e-05-3.072286199e-04-9.620151832e-04-1.977246255e-03-2.544220770e-03
-1.884241938e-03-9.673515451e-04 1.121628520e-04 1.356588094e-03 2.768779406e-03
 4.225553479e-03 5.705281161e-03 7.193624042e-03 8.683430031e-03 1.017376408e-02
 1.166857034e-02 1.317520905e-02 1.470292453e-02 1.626123860e-02 1.785818674e-02
 1.949834451e-02 2.118065208e-02 2.289610542e-02 2.462556399e-02 2.633806132e-02
 2.799007669e-02 2.952621132e-02 3.088151291e-02 3.198515624e-02 3.276472166e-02
 3.314962983e-02 3.307219222e-02 3.246485814e-02 3.125298396e-02 2.934353240e-02
 2.661162056e-02 2.289028279e-02 1.797747239e-02 1.169662550e-02 4.090763163e-03
-4.142199177e-03-1.260533743e-02-2.132184431e-02-3.031335026e-02-3.960183263e-02
-4.919979349e-02-5.913856626e-02-6.948861480e-02-8.031576127e-02-9.169434011e-02
-1.037202477e-01-1.166114435e-01-1.306037605e-01-1.457625031e-01-1.623674184e-01
-1.808225214e-01-2.016961277e-01-2.258398980e-01-2.550134063e-01-2.774322629e-01
-2.923946083e-01-2.885654867e-01-2.697789669e-01-2.516689003e-01-2.374590635e-01
-1.645655539e-05-3.103227937e-04-9.717448847e-04-2.005750546e-03-2.577062463e-03
-1.938380767e-03-1.041179639e-03 1.381646325e-05 1.230878406e-03 2.616124693e-03
 4.056887701e-03 5.524155218e-03 6.999793462e-03 8.474195376e-03 9.944351390e-03
 1.141211484e-02 1.288257539e-02 1.436249726e-02 1.585874334e-02 1.737664081e-02
 1.891819015e-02 2.048018016e-02 2.205222845e-02 2.361500636e-02 2.513888851e-02
 2.658342756e-02 2.789792046e-02 2.902314067e-02 2.989395149e-02 3.044200689e-02
 3.059743345e-02 3.028820083e-02 2.943621576e-02 2.794988640e-02 2.571413107e-02
 2.258138731e-02 1.837318391e-02 1.291663479e-02 6.170954555e-03-1.467546448e-03
-9.347626939e-03-1.748225279e-02-2.588869445e-02-3.458784893e-02-4.359761253e-02
-5.291380361e-02-6.257663667e-02-7.269089669e-02-8.332708478e-02-9.456767142e-02
-1.065206751e-01-1.194323450e-01-1.335889250e-01-1.491057575e-01-1.663852483e-01
-1.860493273e-01-2.090772688e-01-2.370593995e-01-2.723166645e-01-2.995850444e-01
-3.141238093e-01-3.092187345e-01-2.853625417e-01-2.612448931e-01-2.432997227e-01
-1.664589581e-05-3.139168548e-04-9.830268100e-04-2.020296175e-03-2.616592217e-03
-1.998273190e-03-1.130777993e-03-1.120772868e-04 1.056960435e-03 2.373248572e-03
 3.828156274e-03 5.295945331e-03 6.764026359e-03 8.224656805e-03 9.674791247e-03
 1.111518312e-02 1.254917309e-02 1.398134604e-02 1.541612111e-02 1.685626805e-02
 1.830132678e-02 1.974597014e-02 2.117836848e-02 2.257872373e-02 2.391820215e-02
 2.515849657e-02 2.625219338e-02 2.714390121e-02 2.777180821e-02 2.806898579e-02
 2.796350978e-02 2.737649903e-02 2.621749789e-02 2.437758632e-02 2.172247879e-02
 1.809232123e-02 1.332537364e-02 7.344933692e-03 3.791421186e-04-6.842974108e-03
-1.432225388e-02-2.206394263e-02-3.007705696e-02-3.837321699e-02-4.695066810e-02
-5.578795448e-02-6.499974430e-02-7.464357466e-02-8.477672189e-02-9.547293186e-02
-1.068377718e-01-1.190431267e-01-1.322593242e-01-1.466120183e-01-1.623156220e-01
-1.796793640e-01-1.990988702e-01-2.210335284e-01-2.457088083e-01-2.649752796e-01
-2.748858035e-01-2.733140290e-01-2.603831589e-01-2.451705933e-01-2.322712839e-01
-1.685775715e-05-3.179166524e-04-9.955806891e-04-2.049517818e-03-2.662803279e-03
-2.065736335e-03-1.226012944e-03-2.395938500e-04 8.937835810e-04 2.174466848e-03
 3.603154328e-03 5.049464758e-03 6.496853661e-03 7.935058326e-03 9.358930402e-03
 1.076713670e-02 1.216079947e-02 1.354211755e-02 1.491298806e-02 1.627360098e-02
 1.762101427e-02 1.894770935e-02 2.024019510e-02 2.147779614e-02 2.263173647e-02
 2.366472594e-02 2.453104593e-02 2.517707273e-02 2.554186247e-02 2.555724792e-02
 2.514674328e-02 2.422275580e-02 2.268216386e-02 2.040176466e-02 1.723843440e-02
 1.304625813e-02 7.738278713e-03 1.441719593e-03-5.113626365e-03-1.192367263e-02
-1.898849197e-02-2.630892955e-02-3.387915716e-02-4.168539494e-02-4.964556918e-02
-5.788949504e-02-6.647565961e-02-7.543296367e-02-8.479548246e-02-9.459970891e-02
-1.048640087e-01-1.157046333e-01-1.274483204e-01-1.397362351e-01-1.526556909e-01
-1.661560684e-01-1.800322980e-01-1.937782615e-01-2.063858807e-01-2.163948119e-01
-2.225407660e-01-2.243564129e-01-2.223298848e-01-2.177386731e-01-2.119522691e-01
-1.708769378e-05-3.222403175e-04-1.009138068e-03-2.077137120e-03-2.710865345e-03
-2.138312673e-03-1.327406149e-03-3.741447581e-04 7.229784969e-04 1.966105308e-03
 3.357978305e-03 4.770883359e-03 6.186534185e-03 7.592542097e-03 8.981478401e-03
 1.034964062e-02 1.169569138e-02 1.301927399e-02 1.431964897e-02 1.559434179e-02
 1.683781669e-02 1.804017648e-02 1.918594539e-02 2.025300451e-02 2.121176943e-02
 2.202469669e-02 2.264606208e-02 2.302190103e-02 2.308976650e-02 2.277792431e-02
 2.200358547e-02 2.067032270e-02 1.866587810e-02 1.586437970e-02 1.214295346e-02
 7.434473839e-03 1.854122151e-03-4.096835852e-03-1.026797108e-02-1.667277515e-02
-2.331967093e-02-3.021680564e-02-3.741409630e-02-4.455977306e-02-5.178523436e-02
-5.934015289e-02-6.718896329e-02-7.533279061e-02-8.377919346e-02-9.253851324e-02
-1.016302258e-01-1.110973060e-01-1.209378615e-01-1.310557127e-01-1.413332671e-01
-1.516078115e-01-1.616292894e-01-1.710370183e-01-1.793720275e-01-1.861507148e-01
-1.909931004e-01-1.937449127e-01-1.945262700e-01-1.936808079e-01-1.916532665e-01
-1.733093632e-05-3.268162254e-04-1.023506396e-03-2.103997162e-03-2.760182600e-03
-2.215288347e-03-1.437734696e-03-5.229403614e-04 5.312855938e-04 1.728219679e-03
 3.072346095e-03 4.440863617e-03 5.814016331e-03 7.177201565e-03 8.520555682e-03
 9.837865829e-03 1.112522837e-02 1.237964351e-02 1.359764766e-02 1.477398723e-02
 1.590035856e-02 1.696421020e-02 1.794762909e-02 1.882637478e-02 1.956906542e-02
 2.013655752e-02 2.048142441e-02 2.054741420e-02 2.026866376e-02 1.956851780e-02
 1.835814305e-02 1.653609611e-02 1.399217080e-02 1.062354445e-02 6.379406899e-03
 1.360225142e-03-3.892832668e-03-9.392914362e-03-1.512990985e-02-2.110137045e-02
-2.730871364e-02-3.378006816e-02-4.039640725e-02-4.673821107e-02-5.340542272e-02
-6.029287726e-02-6.739176065e-02-7.469613850e-02-8.219791204e-02-8.988358825e-02
-9.772682190e-02-1.057825983e-01-1.140942723e-01-1.224216670e-01-1.306687742e-01
-1.387050897e-01-1.463606805e-01-1.534336954e-01-1.597078294e-01-1.649823040e-01
-1.691086441e-01-1.720217466e-01-1.737525612e-01-1.744171679e-01-1.741873771e-01
-1.757620339e-05-3.314612259e-04-1.038273564e-03-2.144395607e-03-2.815450309e-03
-2.300556982e-03-1.559717697e-03-6.902329042e-04 3.103160125e-04 1.446282608e-03
 2.725470345e-03 4.038572311e-03 5.358706694e-03 6.667369511e-03 7.951932959e-03
 9.203734808e-03 1.041641086e-02 1.158437412e-02 1.270140428e-02 1.375934295e-02
 1.474687923e-02 1.564842276e-02 1.644307189e-02 1.710367575e-02 1.759602502e-02
 1.787809655e-02 1.789936423e-02 1.760008000e-02 1.691060141e-02 1.575118490e-02
 1.403352804e-02 1.166729350e-02 8.578547277e-03 4.752804060e-03 3.173466830e-04
-4.341938999e-03-9.223633446e-03-1.432629582e-02-1.964750700e-02-2.518898435e-02
-3.097104840e-02-3.706888855e-02-4.272215068e-02-4.865855351e-02-5.475827307e-02
-6.100255251e-02-6.738017499e-02-7.387905568e-02-8.048498631e-02-8.718045056e-02
-9.394699335e-02-1.008211151e-01-1.077989936e-01-1.147132143e-01-1.214650348e-01
-1.279585361e-01-1.340869814e-01-1.397370547e-01-1.447976530e-01-1.491718441e-01
-1.527895033e-01-1.556171179e-01-1.576621383e-01-1.589701921e-01-1.596164256e-01
-1.778758269e-05-3.355074732e-04-1.051384723e-03-2.163634403e-03-2.869009040e-03
-2.383522457e-03-1.685028779e-03-8.694166318e-04 6.191975262e-05 1.108746626e-03
 2.270309022e-03 3.542274702e-03 4.805633798e-03 6.047075614e-03 7.255215663e-03
 8.420750499e-03 9.535666555e-03 1.059209555e-02 1.158108097e-02 1.249138173e-02
 1.330833975e-02 1.401284430e-02 1.458036713e-02 1.498009730e-02 1.517415419e-02
 1.511691045e-02 1.475449558e-02 1.402469445e-02 1.285788976e-02 1.118084416e-02
 8.926273324e-03 6.054606754e-03 2.596667968e-03-1.264647348e-03-5.359689705e-03
-9.676678106e-03-1.420459151e-02-1.893250458e-02-2.384913899e-02-2.894391492e-02
-3.420194238e-02-3.957373649e-02-4.500985518e-02-5.051231757e-02-5.608940497e-02
-6.173579022e-02-6.744033843e-02-7.318951190e-02-7.896792144e-02-8.475937694e-02
-9.056146443e-02-9.644453228e-02-1.023859307e-01-1.082169861e-01-1.138521433e-01
-1.192297190e-01-1.242866367e-01-1.289589405e-01-1.331862807e-01-1.369172782e-01
-1.401147395e-01-1.427594721e-01-1.448521763e-01-1.464127004e-01-1.474771500e-01
-1.789332782e-05-3.376103123e-04-1.058753463e-03-2.183348872e-03-2.906384179e-03
-2.447311999e-03-1.791908988e-03-1.029923093e-03-1.691970974e-04 7.895568269e-04
 1.848987769e-03 3.016634844e-03 4.182264674e-03 5.322994199e-03 6.422943901e-03
 7.470034994e-03 8.453808725e-03 9.363737889e-03 1.018781308e-02 1.091132872e-02
 1.151582599e-02 1.197816990e-02 1.226976141e-02 1.235588081e-02 1.219523512e-02
 1.173989102e-02 1.093617734e-02 9.727058932e-03 8.056971245e-03 5.886054132e-03
 3.213169752e-03 1.198041646e-04-3.213113174e-03-6.798306946e-03-1.061619259e-02
-1.464886963e-02-1.887866110e-02-2.328692563e-02-2.785625495e-02-3.258644789e-02
-3.747810796e-02-4.246278107e-02-4.749773070e-02-5.256717652e-02-5.765613914e-02
-6.274946034e-02-6.783176959e-02-7.288825512e-02-7.790506631e-02-8.286570013e-02
-8.774144202e-02-9.291821718e-02-9.805750102e-02-1.030098051e-01-1.077522412e-01
-1.122559980e-01-1.164869368e-01-1.204095483e-01-1.239902526e-01-1.272003800e-01
-1.300188005e-01-1.324338019e-01-1.344440728e-01-1.360587329e-01-1.372961849e-01
-1.776346289e-05-3.353676584e-04-1.053166576e-03-2.177668037e-03-2.901252592e-03
-2.459393814e-03-1.836294308e-03-1.131833764e-03-3.483172623e-04 5.053514033e-04
 1.428576536e-03 2.421592828e-03 3.482575761e-03 4.495829809e-03 5.451768637e-03
 6.340291351e-03 7.150571793e-03 7.870230824e-03 8.484380320e-03 8.974718861e-03
 9.318783879e-03 9.489415213e-03 9.454526938e-03 9.177268483e-03 8.616674691e-03
 7.728939410e-03 6.473573856e-03 4.824597389e-03 2.767681144e-03 3.509342205e-04
-2.310270211e-03-5.234728102e-03-8.407286368e-03-1.181601640e-02-1.544603892e-02
-1.928001270e-02-2.329698764e-02-2.746777982e-02-3.185477853e-02-3.637487814e-02
-4.098672792e-02-4.565442726e-02-5.034682527e-02-5.503445119e-02-5.968957022e-02
-6.428591907e-02-6.879841536e-02-7.320537418e-02-7.749737799e-02-8.166742325e-02
-8.612806350e-02-9.059872478e-02-9.491366148e-02-9.905631095e-02-1.030136943e-01
-1.067687273e-01-1.103018895e-01-1.135928184e-01-1.166219935e-01-1.193724275e-01
-1.218311191e-01-1.239901856e-01-1.258474886e-01-1.274067909e-01-1.286774576e-01
-1.715534381e-05-3.243023530e-04-1.021297765e-03-2.116648480e-03-2.820227994e-03
-2.373412019e-03-1.765037072e-03-1.106329495e-03-4.048284609e-04 3.333847853e-04
 1.107818563e-03 1.923941774e-03 2.793061081e-03 3.612483619e-03 4.366490524e-03
 5.042723846e-03 5.628635176e-03 6.109599024e-03 6.467789412e-03 6.681486964e-03
 6.724795327e-03 6.567953620e-03 6.178622600e-03 5.524735898e-03 4.579718225e-03
 3.313712077e-03 1.714340644e-03-1.028142578e-04-2.176911337e-03-4.515643232e-03
-7.108676247e-03-9.949942119e-03-1.303095184e-02-1.634142175e-02-1.986887306e-02
-2.359938994e-02-2.751006186e-02-3.164703026e-02-3.591873497e-02-4.029843584e-02
-4.474772140e-02-4.922550172e-02-5.368969217e-02-5.809913948e-02-6.241549924e-02
-6.660477817e-02-7.063736767e-02-7.445363700e-02-7.807348669e-02-8.193468302e-02
-8.568749577e-02-8.932210505e-02-9.282930195e-02-9.620057791e-02-9.942664951e-02
-1.024968997e-01-1.053992882e-01-1.081210226e-01-1.106494442e-01-1.129730642e-01
-1.150825024e-01-1.169712245e-01-1.186360344e-01-1.200773418e-01-1.212990507e-01
-1.560616329e-05-2.958018449e-04-9.371201159e-04-1.967380289e-03-2.589649986e-03
-2.091242233e-03-1.469283714e-03-8.475486538e-04-2.387474669e-04 3.548011300e-04
 9.373595240e-04 1.516100252e-03 2.097806428e-03 2.686692402e-03 3.189737909e-03
 3.604633966e-03 3.922134638e-03 4.127827939e-03 4.202841315e-03 4.124212079e-03
 3.865458304e-03 3.397953929e-03 2.693996765e-03 1.732963487e-03 5.839552614e-04
-7.879174082e-04-2.398122568e-03-4.244353157e-03-6.331100594e-03-8.661297150e-03
-1.123466529e-02-1.404903643e-02-1.709991880e-02-2.037983015e-02-2.388479002e-02
-2.762373164e-02-3.158209473e-02-3.572022170e-02-4.000596702e-02-4.440099001e-02
-4.885669425e-02-5.331597477e-02-5.771610141e-02-6.199112535e-02-6.609939784e-02
-6.996048987e-02-7.355163991e-02-7.692154497e-02-8.009617031e-02-8.313553780e-02
-8.606012166e-02-8.887816221e-02-9.159611911e-02-9.421728551e-02-9.674071521e-02
-9.916155785e-02-1.014720201e-01-1.036624834e-01-1.057226360e-01-1.076424867e-01
-1.094131768e-01-1.110276058e-01-1.124808490e-01-1.137704179e-01-1.148962751e-01
-1.233940566e-05-2.349282149e-04-7.525128312e-04-1.603595098e-03-2.049023286e-03
-1.404310809e-03-7.265089662e-04-1.571955945e-04 3.056940332e-04 6.876757834e-04
 1.015112037e-03 1.305879676e-03 1.567177009e-03 1.794868149e-03 1.971125137e-03
 2.080805833e-03 2.108713845e-03 2.038550097e-03 1.852657762e-03 1.532249269e-03
 1.058086054e-03 4.117053468e-04-4.226666642e-04-1.455463003e-03-2.688676585e-03
-4.130724818e-03-5.789988674e-03-7.672817912e-03-9.784932248e-03-1.213115733e-02
-1.471528225e-02-1.754027419e-02-2.060861699e-02-2.392287925e-02-2.748752758e-02
-3.130386025e-02-3.535784036e-02-3.963059559e-02-4.409456626e-02-4.870941490e-02
-5.341568217e-02-5.810627341e-02-6.268779933e-02-6.702290475e-02-7.099139690e-02
-7.456239313e-02-7.770577073e-02-8.045433462e-02-8.288113028e-02-8.507631719e-02
-8.712188154e-02-8.907739073e-02-9.097880870e-02-9.284336120e-02-9.467528015e-02
-9.647048265e-02-9.822000563e-02-9.991244972e-02-1.015355662e-01-1.030774266e-01
-1.045271605e-01-1.058754697e-01-1.071149334e-01-1.082401648e-01-1.092478186e-01
-6.751692126e-06-1.281592558e-04-4.096612392e-04-8.809731808e-04-8.338904590e-04
 2.312614379e-04 9.847487090e-04 1.295470283e-03 1.380985137e-03 1.381498994e-03
 1.351089217e-03 1.307469676e-03 1.252152608e-03 1.177866594e-03 1.071813633e-03
 9.188396507e-04 7.026196108e-04 4.061501240e-04 1.206628986e-05-4.970061709e-04
-1.137980260e-03-1.926714205e-03-2.877385821e-03-4.002073314e-03-5.310979672e-03
-6.814028136e-03-8.520904928e-03-1.044077612e-02-1.258173492e-02-1.495068800e-02
-1.755498536e-02-2.040182613e-02-2.349619567e-02-2.685659565e-02-3.052023053e-02
-3.445139900e-02-3.867578134e-02-4.320351779e-02-4.803473875e-02-5.307364464e-02
-5.835508555e-02-6.373693049e-02-6.899959594e-02-7.384705544e-02-7.801915705e-02
-8.137057722e-02-8.386935294e-02-8.560648561e-02-8.681520075e-02-8.777649701e-02
-8.868265152e-02-8.962751180e-02-9.064518660e-02-9.173910320e-02-9.289798141e-02
-9.410413355e-02-9.533771873e-02-9.657894075e-02-9.780920297e-02-9.901168942e-02
-1.001716554e-01-1.012765318e-01-1.023159400e-01-1.032816693e-01-1.041675657e-01
-5.127444638e-07-6.235996807e-06 5.249492460e-06 1.042044969e-04 1.352414954e-03
 5.416052416e-03 4.775771871e-03 3.383708419e-03 2.669876441e-03 2.137550153e-03
 1.702769427e-03 1.328641782e-03 9.895493276e-04 6.638089544e-04 3.313332272e-04
-2.719341683e-05-4.306507471e-04-8.975860546e-04-1.446147449e-03-2.093889518e-03
-2.857516287e-03-3.752552904e-03-4.792892840e-03-5.990683567e-03-7.357346360e-03
-8.904222399e-03-1.064181328e-02-1.258533169e-02-1.475403924e-02-1.713731885e-02
-1.974118687e-02-2.259809338e-02-2.568160929e-02-2.900024690e-02-3.267633170e-02
-3.682241216e-02-4.123738408e-02-4.599159211e-02-5.118640140e-02-5.687474459e-02
-6.314272434e-02-7.008851320e-02-7.773730159e-02-8.420372009e-02-8.910440654e-02
-9.214973450e-02-9.389033169e-02-9.314231575e-02-9.160546213e-02-9.059210867e-02
-9.005339444e-02-8.989997208e-02-9.005152434e-02-9.044051170e-02-9.101100266e-02
-9.171678871e-02-9.251952171e-02-9.338720888e-02-9.429305047e-02-9.521457553e-02
-9.613294899e-02-9.703251719e-02-9.790038317e-02-9.872610122e-02-9.950143099e-02
 2.423661954e-06 5.074684668e-05 1.937810885e-04 5.200786400e-04 2.028536052e-03
 5.636685062e-03 5.555338226e-03 4.122457001e-03 3.128765384e-03 2.328277100e-03
 1.660376671e-03 1.083822455e-03 5.657902802e-04 7.980423834e-05-3.969007812e-04
-8.854219923e-04-1.405904768e-03-1.978042070e-03-2.621162217e-03-3.353528213e-03
-4.192005843e-03-5.153394304e-03-6.254608277e-03-7.501080167e-03-8.892647922e-03
-1.045597158e-02-1.218033209e-02-1.407148596e-02-1.626964845e-02-1.866703853e-02
-2.125287428e-02-2.408823743e-02-2.719038911e-02-3.054952063e-02-3.423750773e-02
-3.826972842e-02-4.267320782e-02-4.750577733e-02-5.286002532e-02-5.887302011e-02
-6.575433910e-02-7.382739335e-02-8.351597190e-02-9.128607810e-02-9.677668661e-02
-9.939109534e-02-1.009256989e-01-9.769300371e-02-9.384608269e-02-9.134370834e-02
-8.979660273e-02-8.891339600e-02-8.850208670e-02-8.843393624e-02-8.861882985e-02
-8.899100125e-02-8.950061351e-02-9.010882676e-02-9.078464657e-02-9.150295705e-02
-9.224318713e-02-9.298842400e-02-9.372475743e-02-9.444081038e-02-9.512737393e-02
 1.846636337e-07 7.673608707e-06 5.358684939e-05 2.116296964e-04 1.453356817e-03
 4.229383077e-03 4.491022322e-03 3.354033455e-03 2.428166568e-03 1.670342055e-03
 1.010639127e-03 4.118689103e-04-1.501159277e-04-6.885976763e-04-1.211913768e-03
-1.741666230e-03-2.302405192e-03-2.901953412e-03-3.574305447e-03-4.331126343e-03
-5.191307981e-03-6.154943258e-03-7.286943030e-03-8.554430678e-03-9.963706136e-03
-1.151035447e-02-1.325731725e-02-1.519865356e-02-1.734617352e-02-1.971492544e-02
-2.228132263e-02-2.505910955e-02-2.806826681e-02-3.132760152e-02-3.486190364e-02
-3.870090470e-02-4.288150743e-02-4.745371640e-02-5.248756334e-02-5.808261782e-02
-6.438580900e-02-7.163882256e-02-8.039376885e-02-8.733615279e-02-9.232085198e-02
-9.464785457e-02-9.641783684e-02-9.351751208e-02-9.026382118e-02-8.818113059e-02
-8.682885766e-02-8.599819988e-02-8.555632085e-02-8.540949225e-02-8.548836410e-02
-8.574000746e-02-8.612298965e-02-8.660417795e-02-8.715664595e-02-8.775824308e-02
-8.839055896e-02-8.903826028e-02-8.968853951e-02-9.033073485e-02-9.095602483e-02
-6.151616617e-06-1.157719016e-04-3.630114661e-04-7.552753086e-04-5.584105384e-04
 6.471239030e-04 1.215182594e-03 1.102051698e-03 7.541668601e-04 3.378140100e-04
-1.114723127e-04-5.887836451e-04-1.084270305e-03-1.564353355e-03-2.050170675e-03
-2.546893433e-03-3.083904041e-03-3.677844768e-03-4.342730623e-03-5.086139310e-03
-5.904017948e-03-6.898079533e-03-8.007044904e-03-9.256210178e-03-1.066705305e-02
-1.224251371e-02-1.399536803e-02-1.592930779e-02-1.804185472e-02-2.033243887e-02
-2.280325815e-02-2.546038479e-02-2.831375413e-02-3.137610480e-02-3.466234356e-02
-3.818922862e-02-4.197505489e-02-4.603884369e-02-5.039777234e-02-5.506016314e-02
-6.000757962e-02-6.514924765e-02-7.022092491e-02-7.474023104e-02-7.835116982e-02
-8.088590950e-02-8.230906725e-02-8.271350712e-02-8.247299492e-02-8.205228299e-02
-8.168747276e-02-8.146020025e-02-8.138753474e-02-8.146127313e-02-8.166389912e-02
-8.197531104e-02-8.237562329e-02-8.284635097e-02-8.337078243e-02-8.393406123e-02
-8.452308923e-02-8.512642980e-02-8.573413640e-02-8.633767068e-02-8.692971617e-02
-1.278382751e-05-2.433858754e-04-7.803500630e-04-1.668242970e-03-2.186746337e-03
-1.673370483e-03-1.228694106e-03-9.990348481e-04-9.661165532e-04-1.084882300e-03
-1.316993264e-03-1.638345071e-03-2.022112720e-03-2.423643367e-03-2.858770313e-03
-3.320828546e-03-3.829750931e-03-4.386567511e-03-5.014485214e-03-5.745419767e-03
-6.549206097e-03-7.430783473e-03-8.424101397e-03-9.585323744e-03-1.093823090e-02
-1.249929331e-02-1.427348796e-02-1.622566208e-02-1.831711642e-02-2.054139599e-02
-2.290278487e-02-2.540843561e-02-2.806618623e-02-3.088361770e-02-3.386728093e-02
-3.702171519e-02-4.034793004e-02-4.384088516e-02-4.748533294e-02-5.124922469e-02
-5.507435277e-02-5.886638910e-02-6.249263138e-02-6.580039114e-02-6.865440309e-02
-7.096932828e-02-7.272575796e-02-7.397408783e-02-7.482317835e-02-7.540668547e-02
-7.584369928e-02-7.621973008e-02-7.658790052e-02-7.697749138e-02-7.740219682e-02
-7.786614448e-02-7.836782932e-02-7.890260965e-02-7.946424186e-02-8.004579693e-02
-8.064024895e-02-8.124081790e-02-8.184114844e-02-8.243542165e-02-8.301843703e-02
-1.704709575e-05-3.234806645e-04-1.027663937e-03-2.164811129e-03-2.957808552e-03
-2.696991200e-03-2.403414343e-03-2.207102021e-03-2.123918850e-03-2.153879497e-03
-2.288402757e-03-2.516211476e-03-2.822373062e-03-3.184842179e-03-3.593236906e-03
-4.043597728e-03-4.545217846e-03-5.089836195e-03-5.684242118e-03-6.350168027e-03
-7.075750735e-03-7.794952951e-03-8.449361660e-03-9.591469541e-03-1.083714608e-02
-1.233073790e-02-1.425700728e-02-1.629468799e-02-1.836564392e-02-2.050506882e-02
-2.273271978e-02-2.506150305e-02-2.749997564e-02-3.005319461e-02-3.272277862e-02
-3.550639749e-02-3.839676082e-02-4.138004780e-02-4.443391412e-02-4.752523452e-02
-5.060838908e-02-5.362529680e-02-5.650891364e-02-5.919097736e-02-6.161262468e-02
-6.373460591e-02-6.554387510e-02-6.705478579e-02-6.830438226e-02-6.934321672e-02
-7.022476196e-02-7.099727541e-02-7.169961929e-02-7.236048579e-02-7.299953699e-02
-7.362923771e-02-7.425668091e-02-7.488512248e-02-7.551518828e-02-7.614575326e-02
-7.677461207e-02-7.739894092e-02-7.801560313e-02-7.862140238e-02-7.921321690e-02
-1.899907329e-05-3.598784097e-04-1.138399937e-03-2.374835778e-03-3.295935225e-03
-3.156845458e-03-2.962913364e-03-2.834355924e-03-2.786170458e-03-2.824633149e-03
-2.949178219e-03-3.154063830e-03-3.428094322e-03-3.783442779e-03-4.207435530e-03
-4.685494117e-03-5.216174759e-03-5.795881618e-03-6.422347389e-03-7.086860016e-03
-7.774251048e-03-8.450695314e-03-9.100048803e-03-1.014096383e-02-1.131905243e-02
-1.273982879e-02-1.455714740e-02-1.648040302e-02-1.841657050e-02-2.039863169e-02
-2.244493738e-02-2.456650510e-02-2.676943131e-02-2.905586176e-02-3.142425790e-02
-3.386925533e-02-3.638124838e-02-3.894582391e-02-4.154320434e-02-4.414793849e-02
-4.672913253e-02-4.925162345e-02-5.167830363e-02-5.397354066e-02-5.610713363e-02
-5.805794895e-02-5.981633812e-02-6.138467416e-02-6.277591735e-02-6.401070207e-02
-6.511364877e-02-6.611000746e-02-6.702310592e-02-6.787288189e-02-6.867533922e-02
-6.944265962e-02-7.018359751e-02-7.090409100e-02-7.160783559e-02-7.229679078e-02
-7.297166437e-02-7.363225520e-02-7.427773625e-02-7.490690798e-02-7.551835477e-02
-1.904516648e-05-3.610187850e-04-1.143971807e-03-2.398049925e-03-3.342424752e-03
-3.250020323e-03-3.118380206e-03-3.057134571e-03-3.072193591e-03-3.165338421e-03
-3.335928777e-03-3.581714118e-03-3.900326323e-03-4.290963523e-03-4.750207067e-03
-5.272440147e-03-5.852519069e-03-6.485709455e-03-7.166715339e-03-7.887590677e-03
-8.643579669e-03-9.437299334e-03-1.030227356e-02-1.129986160e-02-1.244800910e-02
-1.376191806e-02-1.524642017e-02-1.685611531e-02-1.854304969e-02-2.029791102e-02
-2.212074026e-02-2.401260473e-02-2.597344853e-02-2.800130844e-02-3.009190597e-02
-3.223836049e-02-3.443096206e-02-3.665700927e-02-3.890076652e-02-4.114365578e-02
-4.336476699e-02-4.554174468e-02-4.765211791e-02-4.967487231e-02-5.159217864e-02
-5.339085311e-02-5.506334826e-02-5.660805479e-02-5.802886188e-02-5.933410674e-02
-6.053515524e-02-6.164492294e-02-6.267657131e-02-6.364248693e-02-6.455368549e-02
-6.541944295e-02-6.624729186e-02-6.704303622e-02-6.781101227e-02-6.855425984e-02
-6.927478313e-02-6.997373700e-02-7.065167278e-02-7.130864263e-02-7.194440067e-02
-1.693426566e-05-3.216341720e-04-1.024737372e-03-2.169164130e-03-3.029821208e-03
-2.950979630e-03-2.903656801e-03-2.942992840e-03-3.056162735e-03-3.239494050e-03
-3.492231248e-03-3.814439755e-03-4.206185229e-03-4.667035304e-03-5.195563193e-03
-5.789002869e-03-6.443134509e-03-7.152303122e-03-7.909786887e-03-8.709093556e-03
-9.546507150e-03-1.042427495e-02-1.135238819e-02-1.234616339e-02-1.342095342e-02
-1.458788104e-02-1.585105062e-02-1.720702648e-02-1.864841022e-02-2.016830631e-02
-2.176158316e-02-2.342406660e-02-2.515154704e-02-2.693905309e-02-2.878041007e-02
-3.066797182e-02-3.259247541e-02-3.454299271e-02-3.650701419e-02-3.847068921e-02
-4.041920230e-02-4.233736172e-02-4.421028867e-02-4.602424055e-02-4.776739329e-02
-4.943052307e-02-5.100747198e-02-5.249531195e-02-5.389420688e-02-5.520702153e-02
-5.643871054e-02-5.759563670e-02-5.868490413e-02-5.971377715e-02-6.068921462e-02
-6.161757186e-02-6.250440329e-02-6.335439533e-02-6.417135894e-02-6.495830417e-02
-6.571751088e-02-6.645063311e-02-6.715882570e-02-6.784280390e-02-6.850298494e-02
-1.246040210e-05-2.354488970e-04-7.422817289e-04-1.548914006e-03-2.009788528e-03
-2.192876069e-03-2.373414580e-03-2.580002649e-03-2.826802665e-03-3.122750670e-03
-3.474505385e-03-3.887428204e-03-4.365878645e-03-4.913184792e-03-5.531338509e-03
-6.220379844e-03-6.977417972e-03-7.795389742e-03-8.662093431e-03-9.560752660e-03
-1.047353353e-02-1.138786133e-02-1.230238937e-02-1.322837081e-02-1.418519672e-02
-1.519320067e-02-1.626806520e-02-1.741876081e-02-1.864832081e-02-1.995571330e-02
-2.133752778e-02-2.278901450e-02-2.430453897e-02-2.587772347e-02-2.750144526e-02
-2.916778438e-02-3.086799011e-02-3.259250894e-02-3.433106467e-02-3.607282415e-02
-3.780665994e-02-3.952147812e-02-4.120660201e-02-4.285219684e-02-4.444966838e-02
-4.599199444e-02-4.747396335e-02-4.889228567e-02-5.024552718e-02-5.153397471e-02
-5.275934190e-02-5.392445624e-02-5.503289402e-02-5.608864874e-02-5.709585920e-02
-5.805854872e-02-5.898048356e-02-5.986504257e-02-6.071517244e-02-6.153336912e-02
-6.232168153e-02-6.308174878e-02-6.381484866e-02-6.452195346e-02-6.520374864e-02
-7.535777058e-06-1.397814776e-04-4.200282565e-04-7.936760085e-04-1.167071518e-03
-1.508008223e-03-1.834588125e-03-2.167141531e-03-2.522525145e-03-2.914123936e-03
-3.352869768e-03-3.848177614e-03-4.408594687e-03-5.042165518e-03-5.756462924e-03
-6.558049470e-03-7.450769190e-03-8.431690745e-03-9.483333677e-03-1.056405157e-02
-1.160907745e-02-1.255772449e-02-1.339187194e-02-1.414809003e-02-1.489068940e-02
-1.567471214e-02-1.653173007e-02-1.747461967e-02-1.850553416e-02-1.962127164e-02
-2.081614360e-02-2.208334580e-02-2.341557853e-02-2.480526641e-02-2.624461427e-02
-2.772558853e-02-2.923989855e-02-3.077899851e-02-3.233414143e-02-3.389646485e-02
-3.545713797e-02-3.700754419e-02-3.853949532e-02-4.004543647e-02-4.151867330e-02
-4.295353964e-02-4.434551671e-02-4.569131136e-02-4.698882625e-02-4.823710024e-02
-4.943617061e-02-5.058691651e-02-5.169085786e-02-5.274996534e-02-5.376649275e-02
-5.474280566e-02-5.568126217e-02-5.658411607e-02-5.745343491e-02-5.829108506e-02
-5.909869075e-02-5.987763032e-02-6.062906608e-02-6.135394424e-02-6.205302477e-02
 8.924525380e-01 9.396914840e-01 9.512431026e-01 9.503374696e-01 9.693456888e-01
 9.876052141e-01 1.007418036e+00 1.032140613e+00 1.056771517e+00 1.082370043e+00
 1.111323714e+00 1.142609119e+00 1.175000548e+00 1.209620237e+00 1.247373104e+00
 1.287336230e+00 1.329831243e+00 1.374905467e+00 1.423183799e+00 1.475134730e+00
 1.529663801e+00 1.588608861e+00 1.650792241e+00 1.717822552e+00 1.789167047e+00
 1.864281178e+00 1.945124745e+00 2.030821800e+00 2.123322010e+00 2.220922232e+00
 2.324378014e+00 2.434641600e+00 2.553340673e+00 2.677954912e+00 2.810330868e+00
 2.952158213e+00 3.102685213e+00 3.260363579e+00 3.429587126e+00 3.610059500e+00
 3.798312902e+00 3.998122454e+00 4.210123539e+00 4.433285236e+00 4.667157650e+00
 4.912764072e+00 5.171596050e+00 5.439877987e+00 5.719117165e+00 6.011145115e+00
 6.312708378e+00 6.626842976e+00 6.953831673e+00 7.295471191e+00 7.654916763e+00
 8.036061287e+00 8.445229530e+00 8.890823364e+00 9.387520790e+00 9.949378967e+00
 1.059616566e+01 1.138392162e+01 1.237282753e+01 1.368576145e+01 1.742788124e+01
   76   38
 2.973681390e-01 0.000000000e+00 2.972740829e-01 1.375000030e-01 2.983953655e-01
 2.750000060e-01 3.008684516e-01 4.124999940e-01 3.053062856e-01 5.500000119e-01
 3.109374940e-01 6.428593993e-01 3.192808032e-01 7.562500238e-01 3.309068978e-01
 8.937500119e-01 3.443750143e-01 9.918810129e-01 3.639041781e-01 1.100000024e+00
 3.812590241e-01 1.168750048e+00 4.112499952e-01 1.263418555e+00 4.446874857e-01
 1.318255901e+00 5.115625262e-01 1.354690909e+00 5.784375072e-01 1.358796954e+00
 6.453124881e-01 1.348510146e+00 7.121875286e-01 1.326210260e+00 7.512978315e-01
 1.306249976e+00 8.125000000e-01 1.272750497e+00 8.623023629e-01 1.237499952e+00
 9.128124714e-01 1.200752258e+00 9.495252967e-01 1.168750048e+00 1.013124943e+00
 1.108491540e+00 1.046562552e+00 1.072068691e+00 1.080569029e+00 1.031250000e+00
 1.130187273e+00 9.624999762e-01 1.172513127e+00 8.937500119e-01 1.209694386e+00
 8.249999881e-01 1.241403222e+00 7.562500238e-01 1.270295739e+00 6.875000000e-01
 1.296559095e+00 6.187499762e-01 1.320397496e+00 5.500000119e-01 1.347499967e+00
 4.640054405e-01 1.380937457e+00 3.445149660e-01 1.398165584e+00 2.750000060e-01
 1.414374948e+00 1.900433153e-01 1.429456949e+00 6.875000149e-02 1.429299474e+00
-6.875000149e-02 1.414374948e+00-1.872938275e-01 1.397516847e+00-2.750000060e-01
 1.380308390e+00-3.437500000e-01 1.347499967e+00-4.604016244e-01 1.319149613e+00
-5.500000119e-01 1.295371532e+00-6.187499762e-01 1.269403577e+00-6.875000000e-01
 1.241459250e+00-7.562500238e-01 1.210854053e+00-8.249999881e-01 1.176010966e+00
-8.937500119e-01 1.135550976e+00-9.624999762e-01 1.090007186e+00-1.031250000e+00
 1.046562552e+00-1.088369608e+00 1.013124943e+00-1.128488421e+00 9.755605459e-01
-1.168750048e+00 9.128124714e-01-1.230993390e+00 8.793749809e-01-1.261726260e+00
 8.231198192e-01-1.306249976e+00 7.790625095e-01-1.340408206e+00 7.239719033e-01
-1.375000000e+00 6.787499785e-01-1.402800918e+00 6.118749976e-01-1.432235122e+00
 5.784375072e-01-1.444813848e+00 5.115625262e-01-1.468227148e+00 4.446874857e-01
-1.479146242e+00 3.568357527e-01-1.480897307e+00 3.658944964e-01-1.375000000e+00
 3.617586493e-01-1.237499952e+00 3.491324782e-01-1.100000024e+00 3.403757811e-01
-1.031250000e+00 3.285377920e-01-8.937500119e-01 3.195578754e-01-7.562500238e-01
 3.109374940e-01-6.253393292e-01 3.078796864e-01-5.500000119e-01 3.038125038e-01
-4.124999940e-01 3.007629216e-01-2.750000060e-01 2.985801697e-01-1.375000030e-01
 2.973681390e-01 0.000000000e+00
 1.851000041e-01 0.000000000e+00 1.851000041e-01 1.008100033e+00 2.793999910e-01
 1.171399951e+00 2.793999910e-01 1.577999949e+00 2.978999913e-01 1.603399992e+00
 5.712000132e-01 1.603399992e+00 5.712000132e-01 1.628000021e+00 6.169999838e-01
 1.628000021e+00 1.194000006e+00 1.401000023e+00 1.043300033e+00 1.429999948e+00
 1.319200039e+00 1.039700031e+00 1.335800052e+00 9.976000190e-01 1.485100031e+00
 5.450000167e-01 1.479099989e+00 4.995000064e-01 1.517400026e+00 3.059999943e-01
 1.531299949e+00 2.354999930e-01 1.546399951e+00 1.586000025e-01 1.560799956e+00
 8.009999990e-02 1.567000031e+00 0.000000000e+00 1.565700054e+00-1.769999973e-02
 1.554299951e+00-1.123000011e-01 1.534100056e+00-2.210000008e-01 1.518100023e+00
-3.025999963e-01 1.481799960e+00-4.860000014e-01 1.485100031e+00-5.450000167e-01
 1.335800052e+00-9.976000190e-01 1.319200039e+00-1.039700031e+00 1.043300033e+00
-1.429999948e+00 1.194000006e+00-1.401000023e+00 6.169999838e-01-1.628000021e+00
 5.712000132e-01-1.628000021e+00 5.712000132e-01-1.603399992e+00 2.978999913e-01
-1.603399992e+00 2.793999910e-01-1.577999949e+00 2.793999910e-01-1.171399951e+00
 1.851000041e-01-1.008100033e+00 1.851000041e-01 0.000000000e+00 1.851000041e-01
 0.000000000e+00
    0 0.000000000e+00    0
 0.000000000e+00 5.463447794e-02 8.114784211e-02 1.013088599e-01 1.183322221e-01
 1.336566657e-01 1.474654526e-01 1.605038047e-01 1.727968305e-01 1.845712662e-01
 1.958820671e-01 2.068896890e-01 2.175638676e-01 2.281372547e-01 2.385006547e-01
 2.486602366e-01 2.588009834e-01 2.688566744e-01 2.789167762e-01 2.889654934e-01
 2.989622355e-01 3.090776801e-01 3.191459179e-01 3.293397725e-01 3.396637738e-01
 3.500643969e-01 3.606315851e-01 3.712542355e-01 3.820756674e-01 3.930560350e-01
 4.042508602e-01 4.156580567e-01 4.273010194e-01 4.391031861e-01 4.512118399e-01
 4.635873139e-01 4.762966633e-01 4.891560972e-01 5.023847818e-01 5.159943700e-01
 5.298253298e-01 5.440792441e-01 5.587493181e-01 5.737275481e-01 5.890924931e-01
 6.048196554e-01 6.209827065e-01 6.375411153e-01 6.544775963e-01 6.718841791e-01
 6.896467805e-01 7.078477144e-01 7.264495492e-01 7.454414368e-01 7.649087310e-01
 7.848150134e-01 8.052237034e-01 8.261277080e-01 8.476495147e-01 8.698116541e-01
 8.927250504e-01 9.166534543e-01 9.418223500e-01 9.686654806e-01 1.000000000e+00
    1
 0.000000000e+00 0.000000000e+00 0.000000000e+00 0.000000000e+00 0.000000000e+00
 0.000000000e+00 0.000000000e+00 0.000000000e+00 0.000000000e+00 0.000000000e+00
 0.000000000e+00 0.000000000e+00 0.000000000e+00 0.000000000e+00 0.000000000e+00
 0.000000000e+00 0.000000000e+00 0.000000000e+00 0.000000000e+00 0.000000000e+00
 0.000000000e+00 0.000000000e+00 0.000000000e+00 0.000000000e+00 0.000000000e+00
 0.000000000e+00 0.000000000e+00 0.000000000e+00 0.000000000e+00 0.000000000e+00
 0.000000000e+00 0.000000000e+00 0.000000000e+00 0.000000000e+00 0.000000000e+00
 0.000000000e+00 0.000000000e+00 0.000000000e+00 0.000000000e+00 0.000000000e+00
 0.000000000e+00 0.000000000e+00 0.000000000e+00 0.000000000e+00 0.000000000e+00
 0.000000000e+00 0.000000000e+00 0.000000000e+00 0.000000000e+00 0.000000000e+00
 0.000000000e+00 0.000000000e+00 0.000000000e+00 0.000000000e+00 0.000000000e+00
 0.000000000e+00 0.000000000e+00 0.000000000e+00 0.000000000e+00 0.000000000e+00
 0.000000000e+00 0.000000000e+00 0.000000000e+00 0.000000000e+00 0.000000000e+00
