  5			! number of toroidal regions
 NSTX passive stabilizer plates, divertor plates, and RF antenna.  
   0.0			! starting angle of first toroidal region (L-I bays), moved R to 1.85m 
   12  16		! number of points on small-R & large-R sides 
  0.61706, 0.57150, 0.57150, 0.27940, 0.27940, 0.18515, 
  0.18515, 0.27940, 0.27940, 0.57150, 0.57150, 0.61706, 

 -1.62801,-1.62800,-1.60338,-1.60338,-1.17137,-1.00812, 
  1.00812, 1.17137, 1.60338, 1.60338, 1.62800, 1.62801, 

  0.61706, 1.04327, 
  1.04327, 1.31915, 1.33584, 1.33584, 1.48509, 1.850, 
  1.850, 1.48509, 1.33584, 1.33584, 1.31915, 1.04327, 
  1.04327, 0.61706

 -1.62801,-1.46012, 
 -1.43003,-1.03967,-1.03966,-0.99761,-0.54501,-0.54450, 
  0.54450, 0.54501, 0.99761, 1.03966, 1.03967, 1.43003, 
  1.46012, 1.62801

   105.0		! NB armor (mid I-H bays) per FDR data 1NOV99 (15FEB00)
   12  16		! number of points on small-R & large-R sides 
  0.61706, 0.57150, 0.57150, 0.27940, 0.27940, 0.18515, 
  0.18515, 0.27940, 0.27940, 0.57150, 0.57150, 0.61706, 

 -1.62801,-1.62800,-1.60338,-1.60338,-1.17137,-1.00812, 
  1.00812, 1.17137, 1.60338, 1.60338, 1.62800, 1.62801, 

  0.61706, 1.04327, 
  1.04327, 1.31915, 1.33584, 1.33584, 1.48509, 1.58433, 
  1.58433, 1.48509, 1.33584, 1.33584, 1.31915, 1.04327, 
  1.04327, 0.61706

 -1.62801,-1.46012, 
 -1.43003,-1.03967,-1.03966,-0.99761,-0.54501,-0.54450, 
  0.54450, 0.54501, 0.99761, 1.03966, 1.03967, 1.43003, 
  1.46012, 1.62801

 147.0			! starting angle for H-F bays
   12  16		! number of points on small-R & large-R sides 
  0.61706, 0.57150, 0.57150, 0.27940, 0.27940, 0.18515, 
  0.18515, 0.27940, 0.27940, 0.57150, 0.57150, 0.61706, 

 -1.62801,-1.62800,-1.60338,-1.60338,-1.17137,-1.00812, 
  1.00812, 1.17137, 1.60338, 1.60338, 1.62800, 1.62801, 

  0.61706, 1.04327, 
  1.04327, 1.31915, 1.33584, 1.33584, 1.48509, 1.69690, 
  1.69690, 1.48509, 1.33584, 1.33584, 1.31915, 1.04327, 
  1.04327, 0.61706

 -1.62801,-1.46012, 
 -1.43003,-1.03967,-1.03966,-0.99761,-0.54501,-0.54450, 
  0.54450, 0.54501, 0.99761, 1.03966, 1.03967, 1.43003, 
  1.46012, 1.62801

  210.0  		! starting angle of HHFW antenna
   12  21		! number of points on small-R & large-R sides 
  0.61706, 0.57150, 0.57150, 0.27940, 0.27940, 0.18515, 
  0.18515, 0.27940, 0.27940, 0.57150, 0.57150, 0.61706, 

 -1.62801,-1.62800,-1.60338,-1.60338,-1.17137,-1.00812, 
  1.00812, 1.17137, 1.60338, 1.60338, 1.62800, 1.62801, 

  0.61706, 1.04327, 
  1.04327, 1.31915, 1.33584, 1.33584, 1.48509, 
  1.4851,  1.5708,  1.5788,  
  1.5820,  1.5788,  1.5708,  1.4851,
  1.48509, 1.33584, 1.33584, 1.31915, 1.04327, 
  1.04327, 0.61706

 -1.62801,-1.46012, 
 -1.43003,-1.03967,-1.03966,-0.99761,-0.54501,
 -0.5450, -0.1139, -0.0610,  
  0.0000,  0.0610,  0.1139,  0.5450,
  0.54501, 0.99761, 1.03966, 1.03967, 1.43003, 
  1.46012, 1.62801

   300.0		! end of antenna back to bay L
   12  16		! number of points on small-R & large-R sides 
  0.61706, 0.57150, 0.57150, 0.27940, 0.27940, 0.18515, 
  0.18515, 0.27940, 0.27940, 0.57150, 0.57150, 0.61706, 

 -1.62801,-1.62800,-1.60338,-1.60338,-1.17137,-1.00812, 
  1.00812, 1.17137, 1.60338, 1.60338, 1.62800, 1.62801, 

  0.61706, 1.04327, 
  1.04327, 1.31915, 1.33584, 1.33584, 1.48509, 1.69690, 
  1.69690, 1.48509, 1.33584, 1.33584, 1.31915, 1.04327, 
  1.04327, 0.61706

 -1.62801,-1.46012, 
 -1.43003,-1.03967,-1.03966,-0.99761,-0.54501,-0.54450, 
  0.54450, 0.54501, 0.99761, 1.03966, 1.03967, 1.43003, 
  1.46012, 1.62801
;				Below is info on how to display limiter in plot
 2				; # limiter profiles to plot
 1     0			;1st profile is toroidal segment 1, linetype 0
 4     3			;2nd profile: toroidal seg 4 (HHFW ant) dashed



 





